{
 "metadata": {
  "name": "",
  "signature": "sha256:f33e89b1bec721dd92461915311e05e4d07d6d3c654794ba8ca26d2e20d9cca1"
 },
 "nbformat": 3,
 "nbformat_minor": 0,
 "worksheets": [
  {
   "cells": [
    {
     "cell_type": "code",
     "collapsed": false,
     "input": [
      "from skbio.diversity.beta import pw_distances\n",
      "from skbio import DistanceMatrix\n",
      "from pandas import DataFrame, read_csv,Series\n",
      "from skbio.stats.distance import mantel\n",
      "import matplotlib.pyplot as plt"
     ],
     "language": "python",
     "metadata": {},
     "outputs": [],
     "prompt_number": 1
    },
    {
     "cell_type": "code",
     "collapsed": false,
     "input": [
      "DIR = \"/Users/qingpeng/GDrive/Development/Github/2013-diversity/data/ARMO/Subsample/\""
     ],
     "language": "python",
     "metadata": {},
     "outputs": [],
     "prompt_number": 2
    },
    {
     "cell_type": "code",
     "collapsed": false,
     "input": [
      "real_df = read_csv(DIR+'bdiv_even1000-8M/bray_curtis_dm.txt',sep=\"\\t\", header = 0,index_col=0)\n",
      "real_df"
     ],
     "language": "python",
     "metadata": {},
     "outputs": [
      {
       "html": [
        "<div style=\"max-height:1000px;max-width:1500px;overflow:auto;\">\n",
        "<table border=\"1\" class=\"dataframe\">\n",
        "  <thead>\n",
        "    <tr style=\"text-align: right;\">\n",
        "      <th></th>\n",
        "      <th>INPI_1</th>\n",
        "      <th>INPI_2</th>\n",
        "      <th>INPN_1</th>\n",
        "      <th>INPN_2</th>\n",
        "      <th>INPO_1</th>\n",
        "      <th>INPO_2</th>\n",
        "      <th>INPP_1</th>\n",
        "      <th>INPP_2</th>\n",
        "      <th>IOAG_1</th>\n",
        "      <th>IOAG_2</th>\n",
        "      <th>IOAH_1</th>\n",
        "      <th>IOAH_2</th>\n",
        "      <th>IOHH_1</th>\n",
        "      <th>IOHH_2</th>\n",
        "      <th>ITXB_1</th>\n",
        "      <th>ITXB_2</th>\n",
        "      <th>ITXC</th>\n",
        "    </tr>\n",
        "  </thead>\n",
        "  <tbody>\n",
        "    <tr>\n",
        "      <th>INPI_1</th>\n",
        "      <td> 0.000000</td>\n",
        "      <td> 0.926815</td>\n",
        "      <td> 0.937531</td>\n",
        "      <td> 0.936821</td>\n",
        "      <td> 0.976403</td>\n",
        "      <td> 0.976043</td>\n",
        "      <td> 0.948744</td>\n",
        "      <td> 0.949483</td>\n",
        "      <td> 0.987553</td>\n",
        "      <td> 0.988009</td>\n",
        "      <td> 0.986760</td>\n",
        "      <td> 0.987046</td>\n",
        "      <td> 0.982293</td>\n",
        "      <td> 0.982169</td>\n",
        "      <td> 0.984556</td>\n",
        "      <td> 0.984626</td>\n",
        "      <td> 0.968380</td>\n",
        "    </tr>\n",
        "    <tr>\n",
        "      <th>INPI_2</th>\n",
        "      <td> 0.926815</td>\n",
        "      <td> 0.000000</td>\n",
        "      <td> 0.937815</td>\n",
        "      <td> 0.937030</td>\n",
        "      <td> 0.976882</td>\n",
        "      <td> 0.976326</td>\n",
        "      <td> 0.948818</td>\n",
        "      <td> 0.949721</td>\n",
        "      <td> 0.987528</td>\n",
        "      <td> 0.987976</td>\n",
        "      <td> 0.986451</td>\n",
        "      <td> 0.986814</td>\n",
        "      <td> 0.982004</td>\n",
        "      <td> 0.981822</td>\n",
        "      <td> 0.984314</td>\n",
        "      <td> 0.984382</td>\n",
        "      <td> 0.968301</td>\n",
        "    </tr>\n",
        "    <tr>\n",
        "      <th>INPN_1</th>\n",
        "      <td> 0.937531</td>\n",
        "      <td> 0.937815</td>\n",
        "      <td> 0.000000</td>\n",
        "      <td> 0.939012</td>\n",
        "      <td> 0.977196</td>\n",
        "      <td> 0.976748</td>\n",
        "      <td> 0.950908</td>\n",
        "      <td> 0.951477</td>\n",
        "      <td> 0.987100</td>\n",
        "      <td> 0.987474</td>\n",
        "      <td> 0.986470</td>\n",
        "      <td> 0.986706</td>\n",
        "      <td> 0.982274</td>\n",
        "      <td> 0.982214</td>\n",
        "      <td> 0.984342</td>\n",
        "      <td> 0.984464</td>\n",
        "      <td> 0.969352</td>\n",
        "    </tr>\n",
        "    <tr>\n",
        "      <th>INPN_2</th>\n",
        "      <td> 0.936821</td>\n",
        "      <td> 0.937030</td>\n",
        "      <td> 0.939012</td>\n",
        "      <td> 0.000000</td>\n",
        "      <td> 0.977309</td>\n",
        "      <td> 0.976867</td>\n",
        "      <td> 0.951102</td>\n",
        "      <td> 0.951815</td>\n",
        "      <td> 0.987197</td>\n",
        "      <td> 0.987524</td>\n",
        "      <td> 0.986456</td>\n",
        "      <td> 0.986826</td>\n",
        "      <td> 0.982187</td>\n",
        "      <td> 0.982051</td>\n",
        "      <td> 0.984225</td>\n",
        "      <td> 0.984304</td>\n",
        "      <td> 0.969087</td>\n",
        "    </tr>\n",
        "    <tr>\n",
        "      <th>INPO_1</th>\n",
        "      <td> 0.976403</td>\n",
        "      <td> 0.976882</td>\n",
        "      <td> 0.977196</td>\n",
        "      <td> 0.977309</td>\n",
        "      <td> 0.000000</td>\n",
        "      <td> 0.966997</td>\n",
        "      <td> 0.979936</td>\n",
        "      <td> 0.980080</td>\n",
        "      <td> 0.995528</td>\n",
        "      <td> 0.995639</td>\n",
        "      <td> 0.995760</td>\n",
        "      <td> 0.995843</td>\n",
        "      <td> 0.995220</td>\n",
        "      <td> 0.995171</td>\n",
        "      <td> 0.995342</td>\n",
        "      <td> 0.995374</td>\n",
        "      <td> 0.970489</td>\n",
        "    </tr>\n",
        "    <tr>\n",
        "      <th>INPO_2</th>\n",
        "      <td> 0.976043</td>\n",
        "      <td> 0.976326</td>\n",
        "      <td> 0.976748</td>\n",
        "      <td> 0.976867</td>\n",
        "      <td> 0.966997</td>\n",
        "      <td> 0.000000</td>\n",
        "      <td> 0.979595</td>\n",
        "      <td> 0.979788</td>\n",
        "      <td> 0.995427</td>\n",
        "      <td> 0.995518</td>\n",
        "      <td> 0.995593</td>\n",
        "      <td> 0.995650</td>\n",
        "      <td> 0.995000</td>\n",
        "      <td> 0.994998</td>\n",
        "      <td> 0.995245</td>\n",
        "      <td> 0.995237</td>\n",
        "      <td> 0.969912</td>\n",
        "    </tr>\n",
        "    <tr>\n",
        "      <th>INPP_1</th>\n",
        "      <td> 0.948744</td>\n",
        "      <td> 0.948818</td>\n",
        "      <td> 0.950908</td>\n",
        "      <td> 0.951102</td>\n",
        "      <td> 0.979936</td>\n",
        "      <td> 0.979595</td>\n",
        "      <td> 0.000000</td>\n",
        "      <td> 0.955346</td>\n",
        "      <td> 0.989010</td>\n",
        "      <td> 0.989331</td>\n",
        "      <td> 0.988504</td>\n",
        "      <td> 0.988746</td>\n",
        "      <td> 0.985085</td>\n",
        "      <td> 0.985052</td>\n",
        "      <td> 0.986869</td>\n",
        "      <td> 0.986941</td>\n",
        "      <td> 0.974645</td>\n",
        "    </tr>\n",
        "    <tr>\n",
        "      <th>INPP_2</th>\n",
        "      <td> 0.949483</td>\n",
        "      <td> 0.949721</td>\n",
        "      <td> 0.951477</td>\n",
        "      <td> 0.951815</td>\n",
        "      <td> 0.980080</td>\n",
        "      <td> 0.979788</td>\n",
        "      <td> 0.955346</td>\n",
        "      <td> 0.000000</td>\n",
        "      <td> 0.989089</td>\n",
        "      <td> 0.989476</td>\n",
        "      <td> 0.988656</td>\n",
        "      <td> 0.988871</td>\n",
        "      <td> 0.985262</td>\n",
        "      <td> 0.985156</td>\n",
        "      <td> 0.987033</td>\n",
        "      <td> 0.987101</td>\n",
        "      <td> 0.975039</td>\n",
        "    </tr>\n",
        "    <tr>\n",
        "      <th>IOAG_1</th>\n",
        "      <td> 0.987553</td>\n",
        "      <td> 0.987528</td>\n",
        "      <td> 0.987100</td>\n",
        "      <td> 0.987197</td>\n",
        "      <td> 0.995528</td>\n",
        "      <td> 0.995427</td>\n",
        "      <td> 0.989010</td>\n",
        "      <td> 0.989089</td>\n",
        "      <td> 0.000000</td>\n",
        "      <td> 0.959012</td>\n",
        "      <td> 0.966293</td>\n",
        "      <td> 0.966569</td>\n",
        "      <td> 0.967680</td>\n",
        "      <td> 0.967529</td>\n",
        "      <td> 0.955857</td>\n",
        "      <td> 0.956215</td>\n",
        "      <td> 0.994111</td>\n",
        "    </tr>\n",
        "    <tr>\n",
        "      <th>IOAG_2</th>\n",
        "      <td> 0.988009</td>\n",
        "      <td> 0.987976</td>\n",
        "      <td> 0.987474</td>\n",
        "      <td> 0.987524</td>\n",
        "      <td> 0.995639</td>\n",
        "      <td> 0.995518</td>\n",
        "      <td> 0.989331</td>\n",
        "      <td> 0.989476</td>\n",
        "      <td> 0.959012</td>\n",
        "      <td> 0.000000</td>\n",
        "      <td> 0.966923</td>\n",
        "      <td> 0.967162</td>\n",
        "      <td> 0.968167</td>\n",
        "      <td> 0.968286</td>\n",
        "      <td> 0.956550</td>\n",
        "      <td> 0.956993</td>\n",
        "      <td> 0.994391</td>\n",
        "    </tr>\n",
        "    <tr>\n",
        "      <th>IOAH_1</th>\n",
        "      <td> 0.986760</td>\n",
        "      <td> 0.986451</td>\n",
        "      <td> 0.986470</td>\n",
        "      <td> 0.986456</td>\n",
        "      <td> 0.995760</td>\n",
        "      <td> 0.995593</td>\n",
        "      <td> 0.988504</td>\n",
        "      <td> 0.988656</td>\n",
        "      <td> 0.966293</td>\n",
        "      <td> 0.966923</td>\n",
        "      <td> 0.000000</td>\n",
        "      <td> 0.957601</td>\n",
        "      <td> 0.963245</td>\n",
        "      <td> 0.962906</td>\n",
        "      <td> 0.961430</td>\n",
        "      <td> 0.961679</td>\n",
        "      <td> 0.994047</td>\n",
        "    </tr>\n",
        "    <tr>\n",
        "      <th>IOAH_2</th>\n",
        "      <td> 0.987046</td>\n",
        "      <td> 0.986814</td>\n",
        "      <td> 0.986706</td>\n",
        "      <td> 0.986826</td>\n",
        "      <td> 0.995843</td>\n",
        "      <td> 0.995650</td>\n",
        "      <td> 0.988746</td>\n",
        "      <td> 0.988871</td>\n",
        "      <td> 0.966569</td>\n",
        "      <td> 0.967162</td>\n",
        "      <td> 0.957601</td>\n",
        "      <td> 0.000000</td>\n",
        "      <td> 0.964078</td>\n",
        "      <td> 0.963780</td>\n",
        "      <td> 0.962312</td>\n",
        "      <td> 0.962502</td>\n",
        "      <td> 0.994220</td>\n",
        "    </tr>\n",
        "    <tr>\n",
        "      <th>IOHH_1</th>\n",
        "      <td> 0.982293</td>\n",
        "      <td> 0.982004</td>\n",
        "      <td> 0.982274</td>\n",
        "      <td> 0.982187</td>\n",
        "      <td> 0.995220</td>\n",
        "      <td> 0.995000</td>\n",
        "      <td> 0.985085</td>\n",
        "      <td> 0.985262</td>\n",
        "      <td> 0.967680</td>\n",
        "      <td> 0.968167</td>\n",
        "      <td> 0.963245</td>\n",
        "      <td> 0.964078</td>\n",
        "      <td> 0.000000</td>\n",
        "      <td> 0.949808</td>\n",
        "      <td> 0.960872</td>\n",
        "      <td> 0.961152</td>\n",
        "      <td> 0.993185</td>\n",
        "    </tr>\n",
        "    <tr>\n",
        "      <th>IOHH_2</th>\n",
        "      <td> 0.982169</td>\n",
        "      <td> 0.981822</td>\n",
        "      <td> 0.982214</td>\n",
        "      <td> 0.982051</td>\n",
        "      <td> 0.995171</td>\n",
        "      <td> 0.994998</td>\n",
        "      <td> 0.985052</td>\n",
        "      <td> 0.985156</td>\n",
        "      <td> 0.967529</td>\n",
        "      <td> 0.968286</td>\n",
        "      <td> 0.962906</td>\n",
        "      <td> 0.963780</td>\n",
        "      <td> 0.949808</td>\n",
        "      <td> 0.000000</td>\n",
        "      <td> 0.960600</td>\n",
        "      <td> 0.960996</td>\n",
        "      <td> 0.993084</td>\n",
        "    </tr>\n",
        "    <tr>\n",
        "      <th>ITXB_1</th>\n",
        "      <td> 0.984556</td>\n",
        "      <td> 0.984314</td>\n",
        "      <td> 0.984342</td>\n",
        "      <td> 0.984225</td>\n",
        "      <td> 0.995342</td>\n",
        "      <td> 0.995245</td>\n",
        "      <td> 0.986869</td>\n",
        "      <td> 0.987033</td>\n",
        "      <td> 0.955857</td>\n",
        "      <td> 0.956550</td>\n",
        "      <td> 0.961430</td>\n",
        "      <td> 0.962312</td>\n",
        "      <td> 0.960872</td>\n",
        "      <td> 0.960600</td>\n",
        "      <td> 0.000000</td>\n",
        "      <td> 0.948068</td>\n",
        "      <td> 0.993379</td>\n",
        "    </tr>\n",
        "    <tr>\n",
        "      <th>ITXB_2</th>\n",
        "      <td> 0.984626</td>\n",
        "      <td> 0.984382</td>\n",
        "      <td> 0.984464</td>\n",
        "      <td> 0.984304</td>\n",
        "      <td> 0.995374</td>\n",
        "      <td> 0.995237</td>\n",
        "      <td> 0.986941</td>\n",
        "      <td> 0.987101</td>\n",
        "      <td> 0.956215</td>\n",
        "      <td> 0.956993</td>\n",
        "      <td> 0.961679</td>\n",
        "      <td> 0.962502</td>\n",
        "      <td> 0.961152</td>\n",
        "      <td> 0.960996</td>\n",
        "      <td> 0.948068</td>\n",
        "      <td> 0.000000</td>\n",
        "      <td> 0.993394</td>\n",
        "    </tr>\n",
        "    <tr>\n",
        "      <th>ITXC</th>\n",
        "      <td> 0.968380</td>\n",
        "      <td> 0.968301</td>\n",
        "      <td> 0.969352</td>\n",
        "      <td> 0.969087</td>\n",
        "      <td> 0.970489</td>\n",
        "      <td> 0.969912</td>\n",
        "      <td> 0.974645</td>\n",
        "      <td> 0.975039</td>\n",
        "      <td> 0.994111</td>\n",
        "      <td> 0.994391</td>\n",
        "      <td> 0.994047</td>\n",
        "      <td> 0.994220</td>\n",
        "      <td> 0.993185</td>\n",
        "      <td> 0.993084</td>\n",
        "      <td> 0.993379</td>\n",
        "      <td> 0.993394</td>\n",
        "      <td> 0.000000</td>\n",
        "    </tr>\n",
        "  </tbody>\n",
        "</table>\n",
        "</div>"
       ],
       "metadata": {},
       "output_type": "pyout",
       "prompt_number": 4,
       "text": [
        "          INPI_1    INPI_2    INPN_1    INPN_2    INPO_1    INPO_2    INPP_1  \\\n",
        "INPI_1  0.000000  0.926815  0.937531  0.936821  0.976403  0.976043  0.948744   \n",
        "INPI_2  0.926815  0.000000  0.937815  0.937030  0.976882  0.976326  0.948818   \n",
        "INPN_1  0.937531  0.937815  0.000000  0.939012  0.977196  0.976748  0.950908   \n",
        "INPN_2  0.936821  0.937030  0.939012  0.000000  0.977309  0.976867  0.951102   \n",
        "INPO_1  0.976403  0.976882  0.977196  0.977309  0.000000  0.966997  0.979936   \n",
        "INPO_2  0.976043  0.976326  0.976748  0.976867  0.966997  0.000000  0.979595   \n",
        "INPP_1  0.948744  0.948818  0.950908  0.951102  0.979936  0.979595  0.000000   \n",
        "INPP_2  0.949483  0.949721  0.951477  0.951815  0.980080  0.979788  0.955346   \n",
        "IOAG_1  0.987553  0.987528  0.987100  0.987197  0.995528  0.995427  0.989010   \n",
        "IOAG_2  0.988009  0.987976  0.987474  0.987524  0.995639  0.995518  0.989331   \n",
        "IOAH_1  0.986760  0.986451  0.986470  0.986456  0.995760  0.995593  0.988504   \n",
        "IOAH_2  0.987046  0.986814  0.986706  0.986826  0.995843  0.995650  0.988746   \n",
        "IOHH_1  0.982293  0.982004  0.982274  0.982187  0.995220  0.995000  0.985085   \n",
        "IOHH_2  0.982169  0.981822  0.982214  0.982051  0.995171  0.994998  0.985052   \n",
        "ITXB_1  0.984556  0.984314  0.984342  0.984225  0.995342  0.995245  0.986869   \n",
        "ITXB_2  0.984626  0.984382  0.984464  0.984304  0.995374  0.995237  0.986941   \n",
        "ITXC    0.968380  0.968301  0.969352  0.969087  0.970489  0.969912  0.974645   \n",
        "\n",
        "          INPP_2    IOAG_1    IOAG_2    IOAH_1    IOAH_2    IOHH_1    IOHH_2  \\\n",
        "INPI_1  0.949483  0.987553  0.988009  0.986760  0.987046  0.982293  0.982169   \n",
        "INPI_2  0.949721  0.987528  0.987976  0.986451  0.986814  0.982004  0.981822   \n",
        "INPN_1  0.951477  0.987100  0.987474  0.986470  0.986706  0.982274  0.982214   \n",
        "INPN_2  0.951815  0.987197  0.987524  0.986456  0.986826  0.982187  0.982051   \n",
        "INPO_1  0.980080  0.995528  0.995639  0.995760  0.995843  0.995220  0.995171   \n",
        "INPO_2  0.979788  0.995427  0.995518  0.995593  0.995650  0.995000  0.994998   \n",
        "INPP_1  0.955346  0.989010  0.989331  0.988504  0.988746  0.985085  0.985052   \n",
        "INPP_2  0.000000  0.989089  0.989476  0.988656  0.988871  0.985262  0.985156   \n",
        "IOAG_1  0.989089  0.000000  0.959012  0.966293  0.966569  0.967680  0.967529   \n",
        "IOAG_2  0.989476  0.959012  0.000000  0.966923  0.967162  0.968167  0.968286   \n",
        "IOAH_1  0.988656  0.966293  0.966923  0.000000  0.957601  0.963245  0.962906   \n",
        "IOAH_2  0.988871  0.966569  0.967162  0.957601  0.000000  0.964078  0.963780   \n",
        "IOHH_1  0.985262  0.967680  0.968167  0.963245  0.964078  0.000000  0.949808   \n",
        "IOHH_2  0.985156  0.967529  0.968286  0.962906  0.963780  0.949808  0.000000   \n",
        "ITXB_1  0.987033  0.955857  0.956550  0.961430  0.962312  0.960872  0.960600   \n",
        "ITXB_2  0.987101  0.956215  0.956993  0.961679  0.962502  0.961152  0.960996   \n",
        "ITXC    0.975039  0.994111  0.994391  0.994047  0.994220  0.993185  0.993084   \n",
        "\n",
        "          ITXB_1    ITXB_2      ITXC  \n",
        "INPI_1  0.984556  0.984626  0.968380  \n",
        "INPI_2  0.984314  0.984382  0.968301  \n",
        "INPN_1  0.984342  0.984464  0.969352  \n",
        "INPN_2  0.984225  0.984304  0.969087  \n",
        "INPO_1  0.995342  0.995374  0.970489  \n",
        "INPO_2  0.995245  0.995237  0.969912  \n",
        "INPP_1  0.986869  0.986941  0.974645  \n",
        "INPP_2  0.987033  0.987101  0.975039  \n",
        "IOAG_1  0.955857  0.956215  0.994111  \n",
        "IOAG_2  0.956550  0.956993  0.994391  \n",
        "IOAH_1  0.961430  0.961679  0.994047  \n",
        "IOAH_2  0.962312  0.962502  0.994220  \n",
        "IOHH_1  0.960872  0.961152  0.993185  \n",
        "IOHH_2  0.960600  0.960996  0.993084  \n",
        "ITXB_1  0.000000  0.948068  0.993379  \n",
        "ITXB_2  0.948068  0.000000  0.993394  \n",
        "ITXC    0.993379  0.993394  0.000000  "
       ]
      }
     ],
     "prompt_number": 4
    },
    {
     "cell_type": "code",
     "collapsed": false,
     "input": [
      "df_4M = read_csv(DIR+'bdiv_even1000-4M/bray_curtis_dm.txt',sep=\"\\t\", header = 0,index_col=0)\n",
      "df_1M = read_csv(DIR+'bdiv_even1000-1M/bray_curtis_dm.txt',sep=\"\\t\", header = 0,index_col=0)\n"
     ],
     "language": "python",
     "metadata": {},
     "outputs": [],
     "prompt_number": 32
    },
    {
     "cell_type": "code",
     "collapsed": false,
     "input": [
      "df_2M_0 = read_csv(DIR+'bdiv_even1000-2M-0/bray_curtis_dm.txt',sep=\"\\t\", header = 0,index_col=0)\n",
      "df_2M_1 = read_csv(DIR+'bdiv_even1000-2M-1/bray_curtis_dm.txt',sep=\"\\t\", header = 0,index_col=0)\n",
      "df_2M_2 = read_csv(DIR+'bdiv_even1000-2M-2/bray_curtis_dm.txt',sep=\"\\t\", header = 0,index_col=0)\n"
     ],
     "language": "python",
     "metadata": {},
     "outputs": [],
     "prompt_number": 6
    },
    {
     "cell_type": "code",
     "collapsed": false,
     "input": [
      "correlation = {}"
     ],
     "language": "python",
     "metadata": {},
     "outputs": [],
     "prompt_number": 33
    },
    {
     "cell_type": "code",
     "collapsed": false,
     "input": [
      "correlation[\"4M\"] = mantel(real_df,df_4M,method='spearman', strict=False)[0]"
     ],
     "language": "python",
     "metadata": {},
     "outputs": [],
     "prompt_number": 40
    },
    {
     "cell_type": "code",
     "collapsed": false,
     "input": [
      "correlation[\"2M-0\"] = mantel(real_df,df_2M_0,method='spearman', strict=False)[0]\n",
      "correlation[\"2M-1\"] = mantel(real_df,df_2M_1,method='spearman', strict=False)[0]\n",
      "correlation[\"2M-2\"] = mantel(real_df,df_2M_2,method='spearman', strict=False)[0]\n",
      "#correlation[\"1M\"] = mantel(real_df,df_1M,method='spearman', strict=False)[0]"
     ],
     "language": "python",
     "metadata": {},
     "outputs": [],
     "prompt_number": 41
    },
    {
     "cell_type": "code",
     "collapsed": false,
     "input": [
      "correlation.keys()"
     ],
     "language": "python",
     "metadata": {},
     "outputs": [
      {
       "metadata": {},
       "output_type": "pyout",
       "prompt_number": 42,
       "text": [
        "['2M-0', '2M-1', '2M-2', '4M']"
       ]
      }
     ],
     "prompt_number": 42
    },
    {
     "cell_type": "code",
     "collapsed": false,
     "input": [
      "correlation.values()"
     ],
     "language": "python",
     "metadata": {},
     "outputs": [
      {
       "metadata": {},
       "output_type": "pyout",
       "prompt_number": 43,
       "text": [
        "[0.99469013882925428,\n",
        " 0.99326368016793087,\n",
        " 0.99404608558751961,\n",
        " 0.9978579266256381]"
       ]
      }
     ],
     "prompt_number": 43
    },
    {
     "cell_type": "code",
     "collapsed": false,
     "input": [
      "import numpy as np\n",
      "import matplotlib.pyplot as plt\n",
      "ind = np.arange(4)  # the x locations for the groups\n",
      "width = 0.6       # the width of the bars\n",
      "\n",
      "fig, ax = plt.subplots(figsize=(10, 8))\n",
      "rects1 = ax.bar(ind+0.3, correlation.values(), width, color='b')\n",
      "\n",
      "\n",
      "# add some text for labels, title and axes ticks\n",
      "ax.set_ylabel('Mantel Correlation', fontsize =25)\n",
      "ax.set_xlabel('Subsample with different size', fontsize =25)\n",
      "ax.set_title('Accuracy of similarity matrix calculated using subsamples', fontsize =25)\n",
      "ax.set_xticks(ind+width)\n",
      "ax.set_xticklabels( correlation.keys(), fontsize =25 )\n",
      "ax.set_ylim(0.97,1.0)\n",
      "savefig('mental_subsample.pdf')"
     ],
     "language": "python",
     "metadata": {},
     "outputs": [
      {
       "metadata": {},
       "output_type": "display_data",
