	O2.UC-1	O2.UC-11	O2.UC-12	O2.UC-13	O2.UC-14	O2.UC-16	O2.UC-17	O2.UC-18	O2.UC-19	O2.UC-20	O2.UC-21	O2.UC-22	O2.UC-23	O2.UC-24	O2.UC-4	V1.CD-1	V1.CD-11	V1.CD-12	V1.CD-13	V1.CD-14	V1.CD-15	V1.CD-2	V1.CD-3	V1.CD-4	V1.CD-6	V1.CD-8	V1.CD-9	V1.UC-10	V1.UC-13	V1.UC-14	V1.UC-15	V1.UC-17	V1.UC-18	V1.UC-19	V1.UC-21	V1.UC-6	V1.UC-7	V1.UC-8	V1.UC-9
O2.UC-1	0.0	0.988544033044	0.987251720483	0.996570811075	0.996658350314	0.9925680706799999	0.996719368511	0.967905896935	0.979910266559	0.953369295422	0.998393834322	0.984282666024	0.98786796456	0.988219454881	0.990355736067	0.99445860954	0.9968035459479999	0.981036156381	0.984476478497	0.9698607881419999	0.9955472990209999	0.995638206452	0.9959461679189999	0.992663900415	0.987217269567	0.992999690307	0.9862399561130001	0.9785851727439999	0.9616593835299998	0.9883291412440001	0.978772531517	0.996822221058	0.9874550387469999	0.9925849035299998	0.9761768596729999	0.9798765943629999	0.9821547581829999	0.9815374738729999	0.992868666225
O2.UC-11	0.988544033044	0.0	0.984101757763	0.9927903718279999	0.9671808711900001	0.9831551394429999	0.990745673609	0.94709032286	0.977734819996	0.985557608594	0.998997604683	0.993229996701	0.9786048693880001	0.970442324404	0.996027497123	0.996012766913	0.997048245095	0.902240002775	0.967285801425	0.994126448328	0.998136573907	0.993332403161	0.996422085762	0.988277701742	0.990836977966	0.970923391961	0.990836820084	0.9786993945450001	0.986929761764	0.980540033181	0.9947660561470001	0.992560422775	0.996162018437	0.993326836188	0.978197464146	0.977744121744	0.989278087298	0.9801757954610001	0.9748385224420001
O2.UC-12	0.987251720483	0.984101757763	0.0	0.985355366894	0.9898322816399999	0.989272918796	0.998894885259	0.9759225078720001	0.961457685878	0.979032349469	0.997612569193	0.9887229378389999	0.9867197419120001	0.972357716593	0.9912724968179999	0.9961044782449999	0.998900369431	0.973964830915	0.980973569119	0.9957512691320001	0.998411713522	0.993432470989	0.991706531876	0.984712078148	0.991263834743	0.976247874533	0.9944869478180001	0.963226649574	0.9965197844850001	0.980555936034	0.995327018477	0.995086630742	0.992189229851	0.984503057902	0.985164427123	0.9743565432919999	0.993139151389	0.988563752162	0.9868529645440001
O2.UC-13	0.996570811075	0.9927903718279999	0.985355366894	0.0	0.992890187541	0.991236759653	0.9989887508859999	0.9916078146200001	0.9912555141060001	0.9931102434119999	0.998101064135	0.982047863967	0.992780667559	0.986108014947	0.992874837261	0.9966480896529999	0.999171207033	0.9907043293950001	0.985575969485	0.9952082777310001	0.9950645913299999	0.992296615862	0.996463546513	0.982633119191	0.980436205814	0.978028550368	0.995224972339	0.9895513401189999	0.9939168564759999	0.991529058591	0.996120964655	0.979629652881	0.99608301811	0.984557110468	0.981750479717	0.972019632415	0.989804718906	0.9797980610299999	0.992586050081
O2.UC-14	0.996658350314	0.9671808711900001	0.9898322816399999	0.992890187541	0.0	0.991891253538	0.999683258045	0.9742536806290001	0.965864769611	0.993394721018	0.999273820809	0.996734828538	0.995832204444	0.9863548638490001	0.9950195469959999	0.999061459101	0.9997038921860001	0.9840256838879999	0.99431650791	0.9981930893100001	0.999591334171	0.9871630603839999	0.999008664151	0.991604762455	0.9979814810500001	0.993784812736	0.9985979888959999	0.9928447224510001	0.998751500566	0.9700470872220001	0.998082704574	0.9813369133700002	0.998649635318	0.9970030069470001	0.9949582194390001	0.9956224783740001	0.99503515573	0.997033102864	0.996092986108
O2.UC-16	0.9925680706799999	0.9831551394429999	0.989272918796	0.991236759653	0.991891253538	0.0	0.998071645776	0.984490079307	0.991378004871	0.988890404234	0.9980006310299998	0.9921654531020001	0.992261257942	0.984333072887	0.9942684412360001	0.9792591437929999	0.9959410634899999	0.992798873202	0.992255713733	0.993636597974	0.994797735745	0.988488587706	0.9950924376610001	0.991847134565	0.985939787714	0.9934252859739999	0.983517179473	0.9924341711319999	0.996481070762	0.989321546549	0.996838196532	0.995377920454	0.988676664363	0.9938023968690001	0.986566105687	0.990157721781	0.9752888529889999	0.9910308013310001	0.996027362787
O2.UC-17	0.996719368511	0.990745673609	0.998894885259	0.9989887508859999	0.999683258045	0.998071645776	0.0	0.996839176821	0.9989600837999999	0.996541665296	0.999107921317	0.982724969579	0.977782775969	0.998306965414	0.998257063147	0.982326404063	0.934233321467	0.998171878724	0.996542954399	0.9715398555760001	0.989745906083	0.99965667059	0.9993559670819999	0.995623568978	0.99161828036	0.997867685103	0.975445754046	0.992755509673	0.958455399221	0.9990180291159999	0.979655147252	0.99375765596	0.991157685669	0.9986783063299999	0.998304865058	0.994395694776	0.988400726374	0.9918449556190001	0.992209028635
O2.UC-18	0.967905896935	0.94709032286	0.9759225078720001	0.9916078146200001	0.9742536806290001	0.984490079307	0.996839176821	0.0	0.9554560640399999	0.965617620625	0.9984931753659999	0.986472855746	0.967763001749	0.971512755466	0.990488463009	0.9963917505140001	0.9984065973890001	0.949201580428	0.9601885156129999	0.986593400352	0.9944422607610001	0.993731418354	0.994812353858	0.986293497097	0.969980755026	0.97714341811	0.981405774217	0.965850962782	0.959004387128	0.971948539164	0.9911030187119999	0.994933434799	0.984506109488	0.980755439102	0.982360819154	0.954013405472	0.9822503140309999	0.978719857299	0.978280068679
O2.UC-19	0.979910266559	0.977734819996	0.961457685878	0.9912555141060001	0.965864769611	0.991378004871	0.9989600837999999	0.9554560640399999	0.0	0.9843525462039999	0.998997676593	0.990604129429	0.979435958874	0.9806656951870001	0.992443329156	0.9972525864470001	0.999179648637	0.979299202472	0.972628421989	0.9938787915649999	0.998200628283	0.9890584681919999	0.9958192537620001	0.983552570347	0.990868690801	0.987701042685	0.994206140398	0.98204960926	0.98827113381	0.98274153006	0.9956092736	0.9926213337659999	0.989618145367	0.990667114083	0.977388193425	0.972463222093	0.9813015855600001	0.9843701001240001	0.983993144709
O2.UC-20	0.953369295422	0.985557608594	0.979032349469	0.9931102434119999	0.993394721018	0.988890404234	0.996541665296	0.965617620625	0.9843525462039999	0.0	0.997704469605	0.976543139163	0.9645275614319999	0.9825436210430001	0.9787244236370001	0.991940773546	0.998212427447	0.968213478127	0.9737037241200001	0.975189294816	0.9954032241859999	0.9968988880349999	0.9944613620839999	0.981594780467	0.982447376653	0.9701618405069999	0.979197655822	0.945899290805	0.9810048184110001	0.9865502821619999	0.9759296892399999	0.994322346002	0.975748727041	0.974827844281	0.9830594637510001	0.963246103371	0.980946870769	0.974566306577	0.978752395079
O2.UC-21	0.998393834322	0.998997604683	0.997612569193	0.998101064135	0.999273820809	0.9980006310299998	0.999107921317	0.9984931753659999	0.998997676593	0.997704469605	0.0	0.994275836161	0.998168836559	0.998033622395	0.996104339752	0.998667692358	0.999440962798	0.9970136420110001	0.997460266433	0.9983360229870001	0.997771184858	0.9940019590520001	0.9992253172799999	0.993240215999	0.9985497313989999	0.9922087907289999	0.9976528589460001	0.9971009836920001	0.998803721841	0.9979959223970001	0.9974385314540001	0.998038753336	0.998410569066	0.992420303967	0.9982688032670001	0.9978997445290001	0.998475077624	0.997986143592	0.9987351545350001
O2.UC-22	0.984282666024	0.993229996701	0.9887229378389999	0.982047863967	0.996734828538	0.9921654531020001	0.982724969579	0.986472855746	0.990604129429	0.976543139163	0.994275836161	0.0	0.984159396119	0.990993694556	0.991477549406	0.991407664156	0.997304820674	0.9833749610220001	0.9859672542010001	0.988155944278	0.992251366457	0.9953725065610001	0.994206869295	0.986075622984	0.9843572961929999	0.990117981495	0.982612360273	0.9819386581799999	0.977673187748	0.9950707295000001	0.984842506691	0.994881938998	0.987787438423	0.989055347501	0.989464397977	0.977677014542	0.986471388099	0.9555809032510001	0.982105758118
O2.UC-23	0.98786796456	0.9786048693880001	0.9867197419120001	0.992780667559	0.995832204444	0.992261257942	0.977782775969	0.967763001749	0.979435958874	0.9645275614319999	0.998168836559	0.984159396119	0.0	0.987147125027	0.9933133751469999	0.985314241643	0.9936879667020001	0.979928175874	0.980963907777	0.9850327762540001	0.9952649090100001	0.99653087006	0.995673667422	0.9887329247709999	0.9879810229799999	0.987734178143	0.981730601302	0.9754168933390001	0.9612702234810001	0.9877364353129999	0.9858902758050001	0.974330530825	0.9929990005179999	0.986586890034	0.9864399456980001	0.973032976039	0.974400875912	0.972187289604	0.968353922575
O2.UC-24	0.988219454881	0.970442324404	0.972357716593	0.986108014947	0.9863548638490001	0.984333072887	0.998306965414	0.971512755466	0.9806656951870001	0.9825436210430001	0.998033622395	0.990993694556	0.987147125027	0.0	0.996083872789	0.997765014753	0.9991477856700001	0.982432908158	0.9807050956460001	0.992474745137	0.998504391519	0.987878252652	0.996713452569	0.985613627584	0.9903674435850001	0.978880951588	0.983655836984	0.981890916782	0.9926868623999999	0.9846230159620001	0.9937971167209999	0.9957583889470001	0.9958021980299999	0.9815452229549999	0.986137608972	0.9870236768430001	0.99019544706	0.985050483274	0.986072892078
O2.UC-4	0.990355736067	0.996027497123	0.9912724968179999	0.992874837261	0.9950195469959999	0.9942684412360001	0.998257063147	0.990488463009	0.992443329156	0.9787244236370001	0.996104339752	0.991477549406	0.9933133751469999	0.996083872789	0.0	0.996354904165	0.997938130845	0.985521368788	0.9758507419750001	0.994790744993	0.998549917053	0.9912939323109999	0.996406932656	0.976666104721	0.993267547635	0.9743153372750001	0.988457348726	0.970676147805	0.996321812518	0.937888044096	0.989178506893	0.99057554869	0.989866232125	0.98531961611	0.98801948832	0.983560907463	0.9920157527719999	0.9918121142030001	0.991937290141
V1.CD-1	0.99445860954	0.996012766913	0.9961044782449999	0.9966480896529999	0.999061459101	0.9792591437929999	0.982326404063	0.9963917505140001	0.9972525864470001	0.991940773546	0.998667692358	0.991407664156	0.985314241643	0.997765014753	0.996354904165	0.0	0.984505966048	0.995345955828	0.995197960241	0.9885634673729999	0.990659018933	0.9984478829100001	0.997929099071	0.991495514574	0.9897490735700001	0.997171481975	0.9941073689390001	0.9937527726250001	0.995450264892	0.9970054912980001	0.9856305774690001	0.996502840307	0.991281839145	0.9959530732340001	0.986074158038	0.9949835695839999	0.991262467661	0.992183630414	0.996950032966
V1.CD-11	0.9968035459479999	0.997048245095	0.998900369431	0.999171207033	0.9997038921860001	0.9959410634899999	0.934233321467	0.9984065973890001	0.999179648637	0.998212427447	0.999440962798	0.997304820674	0.9936879667020001	0.9991477856700001	0.997938130845	0.984505966048	0.0	0.998337663925	0.990428096168	0.930305615451	0.9911377588860001	0.9996685781649999	0.997366692104	0.997233741382	0.994671689417	0.9983326781190001	0.990364944576	0.972329173099	0.9889454124079999	0.999207129173	0.9934607852840001	0.9981488214480001	0.992524432954	0.998392527353	0.984887323565	0.977170412964	0.994488420746	0.9946237492929999	0.995946235499
V1.CD-12	0.981036156381	0.902240002775	0.973964830915	0.9907043293950001	0.9840256838879999	0.992798873202	0.998171878724	0.949201580428	0.979299202472	0.968213478127	0.9970136420110001	0.9833749610220001	0.979928175874	0.982432908158	0.985521368788	0.995345955828	0.998337663925	0.0	0.9564055761399999	0.979372541091	0.998308311617	0.994818914555	0.993951856327	0.97718472692	0.9844725427750001	0.975144165345	0.9876092455750001	0.9537332566779999	0.9889016476729999	0.986110774031	0.989519307362	0.997885812412	0.990508234619	0.9830751305329999	0.973229168425	0.94324854948	0.9870860188439999	0.9720161957269999	0.966203891262
V1.CD-13	0.984476478497	0.967285801425	0.980973569119	0.985575969485	0.99431650791	0.992255713733	0.996542954399	0.9601885156129999	0.972628421989	0.9737037241200001	0.997460266433	0.9859672542010001	0.980963907777	0.9807050956460001	0.9758507419750001	0.995197960241	0.990428096168	0.9564055761399999	0.0	0.9888472944169999	0.9964487736669999	0.996334691565	0.993074188181	0.96630423171	0.978300896075	0.963614552895	0.959723770626	0.921913291617	0.9894606270540001	0.9865300864480001	0.986372051822	0.9897724182809999	0.9898697044920001	0.972590736321	0.9699221776129999	0.942748049114	0.98522177756	0.967354046864	0.9679133422990001
V1.CD-14	0.9698607881419999	0.994126448328	0.9957512691320001	0.9952082777310001	0.9981930893100001	0.993636597974	0.9715398555760001	0.986593400352	0.9938787915649999	0.975189294816	0.9983360229870001	0.988155944278	0.9850327762540001	0.992474745137	0.994790744993	0.9885634673729999	0.930305615451	0.979372541091	0.9888472944169999	0.0	0.991499540766	0.998833151764	0.9974993415160001	0.9942274100120001	0.982889561271	0.994416877217	0.9881631822939999	0.9847885192010001	0.978819529776	0.996711929321	0.978987146274	0.995638730001	0.987985068421	0.9968345658609999	0.9923892870759999	0.983109579761	0.9852656534280001	0.978619348742	0.990944300972
V1.CD-15	0.9955472990209999	0.998136573907	0.998411713522	0.9950645913299999	0.999591334171	0.994797735745	0.989745906083	0.9944422607610001	0.998200628283	0.9954032241859999	0.997771184858	0.992251366457	0.9952649090100001	0.998504391519	0.998549917053	0.990659018933	0.9911377588860001	0.998308311617	0.9964487736669999	0.991499540766	0.0	0.998795733302	0.997250338949	0.988993895369	0.9713364745790001	0.997137545371	0.994939669691	0.998443137516	0.997228213584	0.9981932818970001	0.996518176214	0.996499047412	0.995326925475	0.989214310061	0.997073189632	0.997137480703	0.99135258957	0.9889549458589999	0.996984940263
V1.CD-2	0.995638206452	0.993332403161	0.993432470989	0.992296615862	0.9871630603839999	0.988488587706	0.99965667059	0.993731418354	0.9890584681919999	0.9968988880349999	0.9940019590520001	0.9953725065610001	0.99653087006	0.987878252652	0.9912939323109999	0.9984478829100001	0.9996685781649999	0.994818914555	0.996334691565	0.998833151764	0.998795733302	0.0	0.9981864460709999	0.9931435855509999	0.995745381967	0.9880246089810001	0.998718495933	0.9945882242290001	0.998589921429	0.986544539439	0.998099493582	0.995461667641	0.993304221689	0.974466018135	0.995733237543	0.9970982571860001	0.996944864006	0.996282708182	0.998138985072
V1.CD-3	0.9959461679189999	0.996422085762	0.991706531876	0.996463546513	0.999008664151	0.9950924376610001	0.9993559670819999	0.994812353858	0.9958192537620001	0.9944613620839999	0.9992253172799999	0.994206869295	0.995673667422	0.996713452569	0.996406932656	0.997929099071	0.997366692104	0.993951856327	0.993074188181	0.9974993415160001	0.997250338949	0.9981864460709999	0.0	0.990409443294	0.9958534292100001	0.995647237317	0.993219883747	0.9921259340590001	0.99685461388	0.995968982657	0.996211693081	0.997853134862	0.994795591679	0.994452583275	0.9934881613050001	0.988325421176	0.9957337632019999	0.9872480113429999	0.9961372737659999
V1.CD-4	0.992663900415	0.988277701742	0.984712078148	0.982633119191	0.991604762455	0.991847134565	0.995623568978	0.986293497097	0.983552570347	0.981594780467	0.993240215999	0.986075622984	0.9887329247709999	0.985613627584	0.976666104721	0.991495514574	0.997233741382	0.97718472692	0.96630423171	0.9942274100120001	0.988993895369	0.9931435855509999	0.990409443294	0.0	0.98840235199	0.9542473689859999	0.982976052719	0.9778653112160001	0.992296261723	0.9839126880329999	0.9910907449449999	0.997073030639	0.991021608108	0.973053052666	0.9564820483840001	0.9724017466629999	0.9870668379809999	0.97707269036	0.987731406356
V1.CD-6	0.987217269567	0.990836977966	0.991263834743	0.980436205814	0.9979814810500001	0.985939787714	0.99161828036	0.969980755026	0.990868690801	0.982447376653	0.9985497313989999	0.9843572961929999	0.9879810229799999	0.9903674435850001	0.993267547635	0.9897490735700001	0.994671689417	0.9844725427750001	0.978300896075	0.982889561271	0.9713364745790001	0.995745381967	0.9958534292100001	0.98840235199	0.0	0.982526226344	0.9874702122969999	0.973900241482	0.9874389367949999	0.990921854804	0.9947050522159999	0.993330374098	0.979739052781	0.982505335518	0.9845225265979999	0.977686602045	0.982299036587	0.973682341579	0.9906509759029999
V1.CD-8	0.992999690307	0.970923391961	0.976247874533	0.978028550368	0.993784812736	0.9934252859739999	0.997867685103	0.97714341811	0.987701042685	0.9701618405069999	0.9922087907289999	0.990117981495	0.987734178143	0.978880951588	0.9743153372750001	0.997171481975	0.9983326781190001	0.975144165345	0.963614552895	0.994416877217	0.997137545371	0.9880246089810001	0.995647237317	0.9542473689859999	0.982526226344	0.0	0.977045359946	0.970040797006	0.9941383166329999	0.982686513173	0.991271837108	0.994561730282	0.989647093291	0.965879632739	0.984760373776	0.9783496049539999	0.987413637189	0.9797898923630001	0.9771863007889999
V1.CD-9	0.9862399561130001	0.990836820084	0.9944869478180001	0.995224972339	0.9985979888959999	0.983517179473	0.975445754046	0.981405774217	0.994206140398	0.979197655822	0.9976528589460001	0.982612360273	0.981730601302	0.983655836984	0.988457348726	0.9941073689390001	0.990364944576	0.9876092455750001	0.959723770626	0.9881631822939999	0.994939669691	0.998718495933	0.993219883747	0.982976052719	0.9874702122969999	0.977045359946	0.0	0.967221087656	0.964539452139	0.995851573524	0.979891552421	0.996402345698	0.9888518720399999	0.9832409810959999	0.993910127993	0.9554874977299999	0.972955337115	0.9795102339280001	0.9853987184659999
V1.UC-10	0.9785851727439999	0.9786993945450001	0.963226649574	0.9895513401189999	0.9928447224510001	0.9924341711319999	0.992755509673	0.965850962782	0.98204960926	0.945899290805	0.9971009836920001	0.9819386581799999	0.9754168933390001	0.981890916782	0.970676147805	0.9937527726250001	0.972329173099	0.9537332566779999	0.921913291617	0.9847885192010001	0.998443137516	0.9945882242290001	0.9921259340590001	0.9778653112160001	0.973900241482	0.970040797006	0.967221087656	0.0	0.980136720757	0.985158594695	0.983489114738	0.994954147155	0.9839146358830001	0.9817691410449999	0.978822363798	0.9356195775499999	0.982425849498	0.965339491837	0.9670024593009999
V1.UC-13	0.9616593835299998	0.986929761764	0.9965197844850001	0.9939168564759999	0.998751500566	0.996481070762	0.958455399221	0.959004387128	0.98827113381	0.9810048184110001	0.998803721841	0.977673187748	0.9612702234810001	0.9926868623999999	0.996321812518	0.995450264892	0.9889454124079999	0.9889016476729999	0.9894606270540001	0.978819529776	0.997228213584	0.998589921429	0.99685461388	0.992296261723	0.9874389367949999	0.9941383166329999	0.964539452139	0.980136720757	0.0	0.9920413808700002	0.976249641187	0.991097577907	0.9836553979129999	0.995600970007	0.9934368401960001	0.978069846315	0.97904861126	0.970418373115	0.9722638724339999
V1.UC-14	0.9883291412440001	0.980540033181	0.980555936034	0.991529058591	0.9700470872220001	0.989321546549	0.9990180291159999	0.971948539164	0.98274153006	0.9865502821619999	0.9979959223970001	0.9950707295000001	0.9877364353129999	0.9846230159620001	0.937888044096	0.9970054912980001	0.999207129173	0.986110774031	0.9865300864480001	0.996711929321	0.9981932818970001	0.986544539439	0.995968982657	0.9839126880329999	0.990921854804	0.982686513173	0.995851573524	0.985158594695	0.9920413808700002	0.0	0.985691345808	0.988539441597	0.993530680038	0.982167930288	0.982894995229	0.9918324480940001	0.9944236684829999	0.988715403376	0.9917084158239999
V1.UC-15	0.978772531517	0.9947660561470001	0.995327018477	0.996120964655	0.998082704574	0.996838196532	0.979655147252	0.9911030187119999	0.9956092736	0.9759296892399999	0.9974385314540001	0.984842506691	0.9858902758050001	0.9937971167209999	0.989178506893	0.9856305774690001	0.9934607852840001	0.989519307362	0.986372051822	0.978987146274	0.996518176214	0.998099493582	0.996211693081	0.9910907449449999	0.9947050522159999	0.991271837108	0.979891552421	0.983489114738	0.976249641187	0.985691345808	0.0	0.9897828643100001	0.989457922685	0.987663311825	0.9906366210940001	0.976245954012	0.991877739852	0.987390374655	0.9856263846340001
V1.UC-17	0.996822221058	0.992560422775	0.995086630742	0.979629652881	0.9813369133700002	0.995377920454	0.99375765596	0.994933434799	0.9926213337659999	0.994322346002	0.998038753336	0.994881938998	0.974330530825	0.9957583889470001	0.99057554869	0.996502840307	0.9981488214480001	0.997885812412	0.9897724182809999	0.995638730001	0.996499047412	0.995461667641	0.997853134862	0.997073030639	0.993330374098	0.994561730282	0.996402345698	0.994954147155	0.991097577907	0.988539441597	0.9897828643100001	0.0	0.996901177476	0.9886905333820001	0.994316011996	0.9964896770139999	0.9888921455149999	0.994323450006	0.996538584455
V1.UC-18	0.9874550387469999	0.996162018437	0.992189229851	0.99608301811	0.998649635318	0.988676664363	0.991157685669	0.984506109488	0.989618145367	0.975748727041	0.998410569066	0.987787438423	0.9929990005179999	0.9958021980299999	0.989866232125	0.991281839145	0.992524432954	0.990508234619	0.9898697044920001	0.987985068421	0.995326925475	0.993304221689	0.994795591679	0.991021608108	0.979739052781	0.989647093291	0.9888518720399999	0.9839146358830001	0.9836553979129999	0.993530680038	0.989457922685	0.996901177476	0.0	0.991107542643	0.987778318519	0.9817455846600001	0.975047424546	0.9890334407089999	0.9916932788249999
V1.UC-19	0.9925849035299998	0.993326836188	0.984503057902	0.984557110468	0.9970030069470001	0.9938023968690001	0.9986783063299999	0.980755439102	0.990667114083	0.974827844281	0.992420303967	0.989055347501	0.986586890034	0.9815452229549999	0.98531961611	0.9959530732340001	0.998392527353	0.9830751305329999	0.972590736321	0.9968345658609999	0.989214310061	0.974466018135	0.994452583275	0.973053052666	0.982505335518	0.965879632739	0.9832409810959999	0.9817691410449999	0.995600970007	0.982167930288	0.987663311825	0.9886905333820001	0.991107542643	0.0	0.9745908307439999	0.981758827754	0.985817122773	0.977676299173	0.990282858721
V1.UC-21	0.9761768596729999	0.978197464146	0.985164427123	0.981750479717	0.9949582194390001	0.986566105687	0.998304865058	0.982360819154	0.977388193425	0.9830594637510001	0.9982688032670001	0.989464397977	0.9864399456980001	0.986137608972	0.98801948832	0.986074158038	0.984887323565	0.973229168425	0.9699221776129999	0.9923892870759999	0.997073189632	0.995733237543	0.9934881613050001	0.9564820483840001	0.9845225265979999	0.984760373776	0.993910127993	0.978822363798	0.9934368401960001	0.982894995229	0.9906366210940001	0.994316011996	0.987778318519	0.9745908307439999	0.0	0.9729428295379999	0.9886755179860001	0.988108059332	0.980592600769
V1.UC-6	0.9798765943629999	0.977744121744	0.9743565432919999	0.972019632415	0.9956224783740001	0.990157721781	0.994395694776	0.954013405472	0.972463222093	0.963246103371	0.9978997445290001	0.977677014542	0.973032976039	0.9870236768430001	0.983560907463	0.9949835695839999	0.977170412964	0.94324854948	0.942748049114	0.983109579761	0.997137480703	0.9970982571860001	0.988325421176	0.9724017466629999	0.977686602045	0.9783496049539999	0.9554874977299999	0.9356195775499999	0.978069846315	0.9918324480940001	0.976245954012	0.9964896770139999	0.9817455846600001	0.981758827754	0.9729428295379999	0.0	0.980539433309	0.951526082185	0.936743365872
V1.UC-7	0.9821547581829999	0.989278087298	0.993139151389	0.989804718906	0.99503515573	0.9752888529889999	0.988400726374	0.9822503140309999	0.9813015855600001	0.980946870769	0.998475077624	0.986471388099	0.974400875912	0.99019544706	0.9920157527719999	0.991262467661	0.994488420746	0.9870860188439999	0.98522177756	0.9852656534280001	0.99135258957	0.996944864006	0.9957337632019999	0.9870668379809999	0.982299036587	0.987413637189	0.972955337115	0.982425849498	0.97904861126	0.9944236684829999	0.991877739852	0.9888921455149999	0.975047424546	0.985817122773	0.9886755179860001	0.980539433309	0.0	0.961442519977	0.978262686315
V1.UC-8	0.9815374738729999	0.9801757954610001	0.988563752162	0.9797980610299999	0.997033102864	0.9910308013310001	0.9918449556190001	0.978719857299	0.9843701001240001	0.974566306577	0.997986143592	0.9555809032510001	0.972187289604	0.985050483274	0.9918121142030001	0.992183630414	0.9946237492929999	0.9720161957269999	0.967354046864	0.978619348742	0.9889549458589999	0.996282708182	0.9872480113429999	0.97707269036	0.973682341579	0.9797898923630001	0.9795102339280001	0.965339491837	0.970418373115	0.988715403376	0.987390374655	0.994323450006	0.9890334407089999	0.977676299173	0.988108059332	0.951526082185	0.961442519977	0.0	0.945900651797
V1.UC-9	0.992868666225	0.9748385224420001	0.9868529645440001	0.992586050081	0.996092986108	0.996027362787	0.992209028635	0.978280068679	0.983993144709	0.978752395079	0.9987351545350001	0.982105758118	0.968353922575	0.986072892078	0.991937290141	0.996950032966	0.995946235499	0.966203891262	0.9679133422990001	0.990944300972	0.996984940263	0.998138985072	0.9961372737659999	0.987731406356	0.9906509759029999	0.9771863007889999	0.9853987184659999	0.9670024593009999	0.9722638724339999	0.9917084158239999	0.9856263846340001	0.996538584455	0.9916932788249999	0.990282858721	0.980592600769	0.936743365872	0.978262686315	0.945900651797	0.0
