	O2.UC-11	O2.UC-12	O2.UC-13	O2.UC-14	O2.UC-16	O2.UC-17	O2.UC-18	O2.UC-19	O2.UC-1	O2.UC-20	O2.UC-21	O2.UC-22	O2.UC-23	O2.UC-24	O2.UC-4	V1.CD-11	V1.CD-12	V1.CD-13	V1.CD-14	V1.CD-15	V1.CD-1	V1.CD-2	V1.CD-3	V1.CD-4	V1.CD-6	V1.CD-8	V1.CD-9	V1.UC-10	V1.UC-13	V1.UC-14	V1.UC-15	V1.UC-17	V1.UC-18	V1.UC-19	V1.UC-21	V1.UC-6	V1.UC-7	V1.UC-8	V1.UC-9
O2.UC-11	0.0	0.9849682371940001	0.975543188933	0.991098427471	0.9907535436660001	0.990321229516	0.9913664441869999	0.971941196992	0.983233768193	0.969764258205	0.9976217404359999	0.9811304849299999	0.984446546503	0.982350915009	0.9885788064309999	0.989466383877	0.9950489709289999	0.94644904813	0.9803292670880001	0.940928827147	0.993891079208	1.0	1.0	1.0	1.0	1.0	1.0	1.0	1.0	1.0	1.0	1.0	1.0	1.0	1.0	1.0	1.0	1.0	1.0
O2.UC-12	0.9849682371940001	0.0	0.9813345513480001	0.9858266588179999	0.977879318907	0.979987775278	0.9889251785330001	0.9640616313320001	0.9728361929770001	0.976000587976	0.9986992737260001	0.980406195608	0.9729646032089999	0.972010432676	0.994716739652	0.994129500632	0.991573908204	0.947449246004	0.966711356833	0.979535487652	0.988432645263	1.0	1.0	1.0	1.0	1.0	1.0	1.0	1.0	1.0	1.0	1.0	1.0	1.0	1.0	1.0	1.0	1.0	1.0
O2.UC-13	0.975543188933	0.9813345513480001	0.0	0.98698848222	0.990265688672	0.985479292611	0.9945232932529999	0.979273324194	0.977122176757	0.9795412349879999	0.9964033688349999	0.981298948747	0.980963547904	0.981507571242	0.985270876987	0.9876162981759999	0.994828527604	0.971230033227	0.9740448527150001	0.981849175766	0.9885524199019999	1.0	1.0	1.0	1.0	1.0	1.0	1.0	1.0	1.0	1.0	1.0	1.0	1.0	1.0	1.0	1.0	1.0	1.0
O2.UC-14	0.991098427471	0.9858266588179999	0.98698848222	0.0	0.977179207343	0.957240971832	0.992616836284	0.986381439404	0.966147844053	0.985308932193	0.9977040790289999	0.978463396442	0.988268313364	0.95761512651	0.9901938253210001	0.989968923361	0.9839642950149999	0.9812335461120001	0.976920251123	0.983622379226	0.9847804207879999	1.0	1.0	1.0	1.0	1.0	1.0	1.0	1.0	1.0	1.0	1.0	1.0	1.0	1.0	1.0	1.0	1.0	1.0
O2.UC-16	0.9907535436660001	0.977879318907	0.990265688672	0.977179207343	0.0	0.9699942820659999	0.994951667835	0.986598436302	0.9573229509360001	0.9927296204449999	0.998753390228	0.992812364531	0.994213046441	0.962039614082	0.995350222351	0.997059567882	0.9971185579170001	0.985573009711	0.9925462663169999	0.995719104676	0.9962303603370001	1.0	1.0	1.0	1.0	1.0	1.0	1.0	1.0	1.0	1.0	1.0	1.0	1.0	1.0	1.0	1.0	1.0	1.0
O2.UC-17	0.990321229516	0.979987775278	0.985479292611	0.957240971832	0.9699942820659999	0.0	0.9862332505149999	0.985814505693	0.940491856838	0.9818977420730001	0.997758125881	0.977619813953	0.988334965185	0.91976481381	0.993923814268	0.986562791441	0.9893230386040001	0.985883902172	0.9816393987369999	0.9771419503640001	0.977126402917	1.0	1.0	1.0	1.0	1.0	1.0	1.0	1.0	1.0	1.0	1.0	1.0	1.0	1.0	1.0	1.0	1.0	1.0
O2.UC-18	0.9913664441869999	0.9889251785330001	0.9945232932529999	0.992616836284	0.994951667835	0.9862332505149999	0.0	0.989288274184	0.988595173694	0.9873903755060001	0.998396179289	0.9789233903210001	0.9869890015009999	0.992486947583	0.995078062093	0.9860871171860001	0.956587401624	0.982173805943	0.9881108924650001	0.9812630555399999	0.986632624186	1.0	1.0	1.0	1.0	1.0	1.0	1.0	1.0	1.0	1.0	1.0	1.0	1.0	1.0	1.0	1.0	1.0	1.0
O2.UC-19	0.971941196992	0.9640616313320001	0.979273324194	0.986381439404	0.986598436302	0.985814505693	0.989288274184	0.0	0.965406625548	0.9648071955799999	0.998249599228	0.97459383206	0.968037738528	0.9768603399629999	0.9873679597949999	0.9916344219329999	0.9838800075309999	0.960176013097	0.9582897401899999	0.9695066430120001	0.98657976214	1.0	1.0	1.0	1.0	1.0	1.0	1.0	1.0	1.0	1.0	1.0	1.0	1.0	1.0	1.0	1.0	1.0	1.0
O2.UC-1	0.983233768193	0.9728361929770001	0.977122176757	0.966147844053	0.9573229509360001	0.940491856838	0.988595173694	0.965406625548	0.0	0.9815079999709999	0.998785172449	0.9863529602689999	0.9805211666120001	0.940633520738	0.992522312785	0.9953427674709999	0.992616499205	0.978126135317	0.969358694682	0.986943728582	0.994291946376	1.0	1.0	1.0	1.0	1.0	1.0	1.0	1.0	1.0	1.0	1.0	1.0	1.0	1.0	1.0	1.0	1.0	1.0
O2.UC-20	0.969764258205	0.976000587976	0.9795412349879999	0.985308932193	0.9927296204449999	0.9818977420730001	0.9873903755060001	0.9648071955799999	0.9815079999709999	0.0	0.997054864446	0.949049382563	0.954647729463	0.981116991832	0.980808028714	0.986432757641	0.976637973797	0.959651019895	0.961447784087	0.944355357992	0.975247279667	1.0	1.0	1.0	1.0	1.0	1.0	1.0	1.0	1.0	1.0	1.0	1.0	1.0	1.0	1.0	1.0	1.0	1.0
O2.UC-21	0.9976217404359999	0.9986992737260001	0.9964033688349999	0.9977040790289999	0.998753390228	0.997758125881	0.998396179289	0.998249599228	0.998785172449	0.997054864446	0.0	0.9948274604269999	0.997957311322	0.9982601696179999	0.994281774356	0.996892471305	0.998434797854	0.996736904799	0.9973298018200001	0.99824493119	0.9945248614929999	1.0	1.0	1.0	1.0	1.0	1.0	1.0	1.0	1.0	1.0	1.0	1.0	1.0	1.0	1.0	1.0	1.0	1.0
O2.UC-22	0.9811304849299999	0.980406195608	0.981298948747	0.978463396442	0.992812364531	0.977619813953	0.9789233903210001	0.97459383206	0.9863529602689999	0.949049382563	0.9948274604269999	0.0	0.970792917695	0.9880499026999999	0.983487902526	0.979248770076	0.9688984603990001	0.9720592552399999	0.9579746872339999	0.949015235983	0.96322137945	1.0	1.0	1.0	1.0	1.0	1.0	1.0	1.0	1.0	1.0	1.0	1.0	1.0	1.0	1.0	1.0	1.0	1.0
O2.UC-23	0.984446546503	0.9729646032089999	0.980963547904	0.988268313364	0.994213046441	0.988334965185	0.9869890015009999	0.968037738528	0.9805211666120001	0.954647729463	0.997957311322	0.970792917695	0.0	0.987217487777	0.992273822755	0.9892645963519999	0.9911726599200001	0.970970432891	0.967156227617	0.949166672013	0.975482571053	1.0	1.0	1.0	1.0	1.0	1.0	1.0	1.0	1.0	1.0	1.0	1.0	1.0	1.0	1.0	1.0	1.0	1.0
O2.UC-24	0.982350915009	0.972010432676	0.981507571242	0.95761512651	0.962039614082	0.91976481381	0.992486947583	0.9768603399629999	0.940633520738	0.981116991832	0.9982601696179999	0.9880499026999999	0.987217487777	0.0	0.994644349452	0.9971490770899999	0.9962525897040001	0.978722133141	0.979681282502	0.988897558018	0.9956353027299999	1.0	1.0	1.0	1.0	1.0	1.0	1.0	1.0	1.0	1.0	1.0	1.0	1.0	1.0	1.0	1.0	1.0	1.0
O2.UC-4	0.9885788064309999	0.994716739652	0.985270876987	0.9901938253210001	0.995350222351	0.993923814268	0.995078062093	0.9873679597949999	0.992522312785	0.980808028714	0.994281774356	0.983487902526	0.992273822755	0.994644349452	0.0	0.9887611903970001	0.986854359268	0.98538332386	0.978467287212	0.99128270037	0.9913958603499999	1.0	1.0	1.0	1.0	1.0	1.0	1.0	1.0	1.0	1.0	1.0	1.0	1.0	1.0	1.0	1.0	1.0	1.0
V1.CD-11	0.989466383877	0.994129500632	0.9876162981759999	0.989968923361	0.997059567882	0.986562791441	0.9860871171860001	0.9916344219329999	0.9953427674709999	0.986432757641	0.996892471305	0.979248770076	0.9892645963519999	0.9971490770899999	0.9887611903970001	0.0	0.978972310194	0.9903440167399999	0.985805773583	0.980758978019	0.979049075023	1.0	1.0	1.0	1.0	1.0	1.0	1.0	1.0	1.0	1.0	1.0	1.0	1.0	1.0	1.0	1.0	1.0	1.0
V1.CD-12	0.9950489709289999	0.991573908204	0.994828527604	0.9839642950149999	0.9971185579170001	0.9893230386040001	0.956587401624	0.9838800075309999	0.992616499205	0.976637973797	0.998434797854	0.9688984603990001	0.9911726599200001	0.9962525897040001	0.986854359268	0.978972310194	0.0	0.990828310044	0.963072661191	0.9428763251119999	0.984930096585	1.0	1.0	1.0	1.0	1.0	1.0	1.0	1.0	1.0	1.0	1.0	1.0	1.0	1.0	1.0	1.0	1.0	1.0
V1.CD-13	0.94644904813	0.947449246004	0.971230033227	0.9812335461120001	0.985573009711	0.985883902172	0.982173805943	0.960176013097	0.978126135317	0.959651019895	0.996736904799	0.9720592552399999	0.970970432891	0.978722133141	0.98538332386	0.9903440167399999	0.990828310044	0.0	0.9489607393449999	0.95536672692	0.989248167799	1.0	1.0	1.0	1.0	1.0	1.0	1.0	1.0	1.0	1.0	1.0	1.0	1.0	1.0	1.0	1.0	1.0	1.0
V1.CD-14	0.9803292670880001	0.966711356833	0.9740448527150001	0.976920251123	0.9925462663169999	0.9816393987369999	0.9881108924650001	0.9582897401899999	0.969358694682	0.961447784087	0.9973298018200001	0.9579746872339999	0.967156227617	0.979681282502	0.978467287212	0.985805773583	0.963072661191	0.9489607393449999	0.0	0.955302364104	0.981389464059	1.0	1.0	1.0	1.0	1.0	1.0	1.0	1.0	1.0	1.0	1.0	1.0	1.0	1.0	1.0	1.0	1.0	1.0
V1.CD-15	0.940928827147	0.979535487652	0.981849175766	0.983622379226	0.995719104676	0.9771419503640001	0.9812630555399999	0.9695066430120001	0.986943728582	0.944355357992	0.99824493119	0.949015235983	0.949166672013	0.988897558018	0.99128270037	0.980758978019	0.9428763251119999	0.95536672692	0.955302364104	0.0	0.966486738511	1.0	1.0	1.0	1.0	1.0	1.0	1.0	1.0	1.0	1.0	1.0	1.0	1.0	1.0	1.0	1.0	1.0	1.0
V1.CD-1	0.993891079208	0.988432645263	0.9885524199019999	0.9847804207879999	0.9962303603370001	0.977126402917	0.986632624186	0.98657976214	0.994291946376	0.975247279667	0.9945248614929999	0.96322137945	0.975482571053	0.9956353027299999	0.9913958603499999	0.979049075023	0.984930096585	0.989248167799	0.981389464059	0.966486738511	0.0	1.0	1.0	1.0	1.0	1.0	1.0	1.0	1.0	1.0	1.0	1.0	1.0	1.0	1.0	1.0	1.0	1.0	1.0
V1.CD-2	1.0	1.0	1.0	1.0	1.0	1.0	1.0	1.0	1.0	1.0	1.0	1.0	1.0	1.0	1.0	1.0	1.0	1.0	1.0	1.0	1.0	0.0	0.9505973979469999	0.984939107684	0.992530050343	0.978845776768	0.961190559893	0.9665255454389999	0.97681850174	0.96656662991	0.9586939084020001	0.972513272608	0.9844428478560001	0.990661491205	0.9849289012260001	0.9797756438040001	0.976809312556	0.9682023789030001	0.951864549338
V1.CD-3	1.0	1.0	1.0	1.0	1.0	1.0	1.0	1.0	1.0	1.0	1.0	1.0	1.0	1.0	1.0	1.0	1.0	1.0	1.0	1.0	1.0	0.9505973979469999	0.0	0.9651482092579999	0.9951101519600001	0.985370177612	0.9785429654629999	0.9426556546100001	0.969773988872	0.960165763496	0.9697397684460001	0.951027129375	0.9688947901170001	0.991520038497	0.992929839382	0.9303834137260001	0.982501603876	0.9556513998459999	0.960561651446
V1.CD-4	1.0	1.0	1.0	1.0	1.0	1.0	1.0	1.0	1.0	1.0	1.0	1.0	1.0	1.0	1.0	1.0	1.0	1.0	1.0	1.0	1.0	0.984939107684	0.9651482092579999	0.0	0.994762114508	0.9872972748379999	0.97907850991	0.9660463689700002	0.987137306466	0.9771622681309999	0.9924679318359999	0.97767444654	0.9896361230859999	0.992787225608	0.980246064895	0.970508005998	0.982372504235	0.9874519815899999	0.981683506481
V1.CD-6	1.0	1.0	1.0	1.0	1.0	1.0	1.0	1.0	1.0	1.0	1.0	1.0	1.0	1.0	1.0	1.0	1.0	1.0	1.0	1.0	1.0	0.992530050343	0.9951101519600001	0.994762114508	0.0	0.984663135525	0.990840725435	0.9931165060609999	0.9889703939069999	0.9900944523299999	0.992652064939	0.989767714681	0.989559831392	0.995194826206	0.989052294596	0.9855800004620001	0.991442033866	0.984396169952	0.9912418481730001
V1.CD-8	1.0	1.0	1.0	1.0	1.0	1.0	1.0	1.0	1.0	1.0	1.0	1.0	1.0	1.0	1.0	1.0	1.0	1.0	1.0	1.0	1.0	0.978845776768	0.985370177612	0.9872972748379999	0.984663135525	0.0	0.9755883097720001	0.9696401627	0.9807175550280001	0.976741069959	0.9838085374299999	0.983220368387	0.9875644055380001	0.9885512225	0.9872809591030001	0.979600530107	0.9624642365189999	0.9726635188770001	0.980977137403
V1.CD-9	1.0	1.0	1.0	1.0	1.0	1.0	1.0	1.0	1.0	1.0	1.0	1.0	1.0	1.0	1.0	1.0	1.0	1.0	1.0	1.0	1.0	0.961190559893	0.9785429654629999	0.97907850991	0.990840725435	0.9755883097720001	0.0	0.970963094966	0.983200218812	0.974807024975	0.97449183558	0.980130723602	0.9881730334639999	0.9876857331460001	0.9695120591390001	0.9811288616680001	0.9806800462540001	0.969399168123	0.9719689778399999
V1.UC-10	1.0	1.0	1.0	1.0	1.0	1.0	1.0	1.0	1.0	1.0	1.0	1.0	1.0	1.0	1.0	1.0	1.0	1.0	1.0	1.0	1.0	0.9665255454389999	0.9426556546100001	0.9660463689700002	0.9931165060609999	0.9696401627	0.970963094966	0.0	0.9721238589929999	0.963936200167	0.9730272986310001	0.95305291927	0.9825576709839999	0.989918262889	0.987053264587	0.964775429517	0.977011073577	0.9715555160070001	0.962640315985
V1.UC-13	1.0	1.0	1.0	1.0	1.0	1.0	1.0	1.0	1.0	1.0	1.0	1.0	1.0	1.0	1.0	1.0	1.0	1.0	1.0	1.0	1.0	0.97681850174	0.969773988872	0.987137306466	0.9889703939069999	0.9807175550280001	0.983200218812	0.9721238589929999	0.0	0.968597708093	0.971908941995	0.984319401436	0.976985120989	0.99293242207	0.987815881234	0.971533871519	0.98672299777	0.9596466667479999	0.9730654840240001
V1.UC-14	1.0	1.0	1.0	1.0	1.0	1.0	1.0	1.0	1.0	1.0	1.0	1.0	1.0	1.0	1.0	1.0	1.0	1.0	1.0	1.0	1.0	0.96656662991	0.960165763496	0.9771622681309999	0.9900944523299999	0.976741069959	0.974807024975	0.963936200167	0.968597708093	0.0	0.975790665585	0.967284400626	0.985335618424	0.9909101206350001	0.986947774691	0.9775324547249999	0.9712712164949999	0.955809386525	0.971795856476
V1.UC-15	1.0	1.0	1.0	1.0	1.0	1.0	1.0	1.0	1.0	1.0	1.0	1.0	1.0	1.0	1.0	1.0	1.0	1.0	1.0	1.0	1.0	0.9586939084020001	0.9697397684460001	0.9924679318359999	0.992652064939	0.9838085374299999	0.97449183558	0.9730272986310001	0.971908941995	0.975790665585	0.0	0.980196314088	0.97648970366	0.986267452712	0.9876058305869999	0.985863351452	0.984047713891	0.970740258236	0.956262444434
V1.UC-17	1.0	1.0	1.0	1.0	1.0	1.0	1.0	1.0	1.0	1.0	1.0	1.0	1.0	1.0	1.0	1.0	1.0	1.0	1.0	1.0	1.0	0.972513272608	0.951027129375	0.97767444654	0.989767714681	0.983220368387	0.980130723602	0.95305291927	0.984319401436	0.967284400626	0.980196314088	0.0	0.980101754245	0.9862878277220001	0.984707748497	0.967098930543	0.9832525710209999	0.981986140905	0.961695010241
V1.UC-18	1.0	1.0	1.0	1.0	1.0	1.0	1.0	1.0	1.0	1.0	1.0	1.0	1.0	1.0	1.0	1.0	1.0	1.0	1.0	1.0	1.0	0.9844428478560001	0.9688947901170001	0.9896361230859999	0.989559831392	0.9875644055380001	0.9881730334639999	0.9825576709839999	0.976985120989	0.985335618424	0.97648970366	0.980101754245	0.0	0.983416718937	0.987395979033	0.9637896161489999	0.984856358498	0.973331314195	0.985178520615
V1.UC-19	1.0	1.0	1.0	1.0	1.0	1.0	1.0	1.0	1.0	1.0	1.0	1.0	1.0	1.0	1.0	1.0	1.0	1.0	1.0	1.0	1.0	0.990661491205	0.991520038497	0.992787225608	0.995194826206	0.9885512225	0.9876857331460001	0.989918262889	0.99293242207	0.9909101206350001	0.986267452712	0.9862878277220001	0.983416718937	0.0	0.991846778144	0.9878643172299999	0.991273124619	0.986926640293	0.982452376251
V1.UC-21	1.0	1.0	1.0	1.0	1.0	1.0	1.0	1.0	1.0	1.0	1.0	1.0	1.0	1.0	1.0	1.0	1.0	1.0	1.0	1.0	1.0	0.9849289012260001	0.992929839382	0.980246064895	0.989052294596	0.9872809591030001	0.9695120591390001	0.987053264587	0.987815881234	0.986947774691	0.9876058305869999	0.984707748497	0.987395979033	0.991846778144	0.0	0.98929892825	0.985895474689	0.984928781972	0.985724947629
V1.UC-6	1.0	1.0	1.0	1.0	1.0	1.0	1.0	1.0	1.0	1.0	1.0	1.0	1.0	1.0	1.0	1.0	1.0	1.0	1.0	1.0	1.0	0.9797756438040001	0.9303834137260001	0.970508005998	0.9855800004620001	0.979600530107	0.9811288616680001	0.964775429517	0.971533871519	0.9775324547249999	0.985863351452	0.967098930543	0.9637896161489999	0.9878643172299999	0.98929892825	0.0	0.974707577377	0.964165976477	0.973365512967
V1.UC-7	1.0	1.0	1.0	1.0	1.0	1.0	1.0	1.0	1.0	1.0	1.0	1.0	1.0	1.0	1.0	1.0	1.0	1.0	1.0	1.0	1.0	0.976809312556	0.982501603876	0.982372504235	0.991442033866	0.9624642365189999	0.9806800462540001	0.977011073577	0.98672299777	0.9712712164949999	0.984047713891	0.9832525710209999	0.984856358498	0.991273124619	0.985895474689	0.974707577377	0.0	0.973390589299	0.97487806514
V1.UC-8	1.0	1.0	1.0	1.0	1.0	1.0	1.0	1.0	1.0	1.0	1.0	1.0	1.0	1.0	1.0	1.0	1.0	1.0	1.0	1.0	1.0	0.9682023789030001	0.9556513998459999	0.9874519815899999	0.984396169952	0.9726635188770001	0.969399168123	0.9715555160070001	0.9596466667479999	0.955809386525	0.970740258236	0.981986140905	0.973331314195	0.986926640293	0.984928781972	0.964165976477	0.973390589299	0.0	0.9665914690549999
V1.UC-9	1.0	1.0	1.0	1.0	1.0	1.0	1.0	1.0	1.0	1.0	1.0	1.0	1.0	1.0	1.0	1.0	1.0	1.0	1.0	1.0	1.0	0.951864549338	0.960561651446	0.981683506481	0.9912418481730001	0.980977137403	0.9719689778399999	0.962640315985	0.9730654840240001	0.971795856476	0.956262444434	0.961695010241	0.985178520615	0.982452376251	0.985724947629	0.973365512967	0.97487806514	0.9665914690549999	0.0
