O2.UC-11_out.list.freq_table 0.0 0.991038993212 0.989941234275 0.997032590907 0.997592346137 0.993795324369 0.997145903209 0.971850004089 0.984030309309 0.963492156341 0.999546942754 0.986890813521 0.991533628003 0.991126630128 0.993555222301 0.996272511029 0.997614644101 0.982313112042 0.986592060174 0.975784290915 0.996832232103 0.997336462222 0.997177298229 0.99477329817 0.989573528205 0.995134014083 0.989834700588 0.984084841525 0.967209750624 0.99223711642 0.985167671761 0.998199856706 0.989616669484 0.994773987735 0.981760036846 0.981761069907 0.98386732063 0.984380934815 0.994776394855
O2.UC-12_out.list.freq_table 0.991038993212 0.0 0.988436767488 0.994357753291 0.975591618075 0.985507464419 0.992235303768 0.959643969906 0.982917316687 0.988066698908 0.999752913606 0.994462018704 0.982961727033 0.976685698368 0.997446691408 0.997317183145 0.997732110197 0.920386108185 0.973890172522 0.994898209205 0.998431366561 0.995701239426 0.997572284484 0.991229321505 0.992471275527 0.977433917091 0.993102997013 0.983934521857 0.989563558179 0.984186559183 0.996523303403 0.995264445116 0.997010370831 0.995307554175 0.980340311136 0.981779470899 0.991232944034 0.982879374427 0.979935520838
O2.UC-13_out.list.freq_table 0.989941234275 0.988436767488 0.0 0.98780681398 0.992025985754 0.990603691738 0.999382580938 0.981575869397 0.96861859275 0.983135073645 0.998785059025 0.99136055963 0.989623483223 0.978191314639 0.993584200174 0.997612185323 0.999453386421 0.977635724268 0.985458537121 0.997194655087 0.999281952413 0.995201284242 0.992805563961 0.987966803751 0.993240976526 0.982494400793 0.99553554825 0.966050037352 0.997772255761 0.984855550114 0.99713383569 0.99721514465 0.994174527509 0.98799211066 0.9890297767 0.978040587742 0.995157788435 0.991769821546 0.98970416166
O2.UC-14_out.list.freq_table 0.997032590907 0.994357753291 0.98780681398 0.0 0.995039256793 0.992554754104 0.999363402253 0.993471782877 0.992994217314 0.994441056456 0.998867162447 0.983531720963 0.994013091948 0.987863481 0.994143287731 0.997444682211 0.999469929227 0.992075293558 0.987946393965 0.995972329039 0.995451836391 0.994509732911 0.997195454223 0.984929434988 0.982111991239 0.980800902651 0.996050416174 0.991507424804 0.994943826768 0.993019685558 0.997099374681 0.985876738964 0.996938330117 0.986943425611 0.984392796969 0.975467286632 0.990418722175 0.98224118317 0.993801850517
O2.UC-16_out.list.freq_table 0.997592346137 0.975591618075 0.992025985754 0.995039256793 0.0 0.994679503644 0.999825551038 0.981563584021 0.96850679718 0.994934890592 0.999728803833 0.997253175626 0.997018145086 0.98954418463 0.996625762448 0.999555494671 0.999823117524 0.987208071116 0.995820458435 0.998678733253 0.999819303398 0.991135019547 0.999342649833 0.993481259832 0.998646549639 0.995583354061 0.999200488388 0.994984316342 0.999234818376 0.974909945557 0.998753177627 0.986904148879 0.999062307638 0.997933551012 0.996575195784 0.996797688102 0.996124242372 0.997937193085 0.997151612309
O2.UC-17_out.list.freq_table 0.993795324369 0.985507464419 0.990603691738 0.992554754104 0.994679503644 0.0 0.998588507154 0.988537563818 0.992620899532 0.991133967929 0.999122733646 0.993699981125 0.993989295911 0.985135433597 0.995230121084 0.978254219035 0.995892491646 0.994103636381 0.993401902297 0.995376486 0.996229203347 0.993091023869 0.994929388616 0.994365787056 0.98938943443 0.994217580361 0.984259037432 0.993874080816 0.99724840339 0.991263832892 0.997865788568 0.9960496182 0.990458229464 0.995024488894 0.988650872531 0.991781095404 0.977273549952 0.991932798111 0.997047804945
O2.UC-18_out.list.freq_table 0.997145903209 0.992235303768 0.999382580938 0.999363402253 0.999825551038 0.998588507154 0.0 0.997744571124 0.999245795598 0.997484560895 0.999908149047 0.984922277819 0.981394863897 0.998808708696 0.999065944089 0.987638932758 0.945768915287 0.998603679307 0.997220153163 0.979346854619 0.992804838565 0.999915594296 0.999647471144 0.997026909759 0.994243734276 0.999080090124 0.977219233923 0.993561593126 0.959879647896 0.999605191911 0.980058614647 0.995230024435 0.993168363229 0.999341230735 0.999042090954 0.995611639073 0.991308428501 0.99387633127 0.993979922928
O2.UC-19_out.list.freq_table 0.971850004089 0.959643969906 0.981575869397 0.993471782877 0.981563584021 0.988537563818 0.997744571124 0.0 0.964690700749 0.973174380606 0.999550160408 0.989986021963 0.977822454349 0.977651167288 0.993304534108 0.998031018281 0.998648986423 0.959741386172 0.967540174634 0.988260662821 0.99575121519 0.996030334968 0.996346668761 0.991007648219 0.970777931703 0.983362710152 0.986295155317 0.973650540274 0.96272308314 0.979427320187 0.994001178997 0.99704307914 0.986709724639 0.984857026223 0.986229355954 0.963734209245 0.985714462214 0.984171025672 0.984531607833
O2.UC-1_out.list.freq_table 0.984030309309 0.982917316687 0.96861859275 0.992994217314 0.96850679718 0.992620899532 0.999245795598 0.964690700749 0.0 0.987830841029 0.999750389063 0.99206950561 0.985344870988 0.984173785806 0.994450561866 0.998234373887 0.999538000503 0.982336235088 0.978469565609 0.995571243888 0.99870645816 0.992127150632 0.996751869482 0.987174773615 0.993058806641 0.991563542451 0.995974114605 0.986324264785 0.991149797764 0.986992974627 0.99736538447 0.996271494396 0.991467297644 0.993348571232 0.982540662229 0.97750572464 0.98354563785 0.986757440851 0.987263940807
O2.UC-20_out.list.freq_table 0.963492156341 0.988066698908 0.983135073645 0.994441056456 0.994934890592 0.991133967929 0.997484560895 0.973174380606 0.987830841029 0.0 0.999106326119 0.980826776629 0.971845246258 0.986249208437 0.983885665246 0.993906056416 0.998391872797 0.971834630486 0.97875511516 0.978839113086 0.996159142978 0.997926504492 0.995737118711 0.98561449941 0.985764032204 0.978681888926 0.983584248546 0.95760042431 0.985858010711 0.990647654515 0.982013681987 0.996275332328 0.981988396156 0.979976138966 0.986781325895 0.970017332007 0.984434142199 0.97913705844 0.984154690232
O2.UC-21_out.list.freq_table 0.999546942754 0.999752913606 0.998785059025 0.998867162447 0.999728803833 0.999122733646 0.999908149047 0.999550160408 0.999750389063 0.999106326119 0.0 0.995731090135 0.999597008156 0.99901487868 0.997857767178 0.999681449926 0.999965785866 0.9981302459 0.998782950326 0.999407793501 0.999070131174 0.995498659214 0.999620411827 0.995342806246 0.999686869509 0.993659696621 0.998535331855 0.998483907303 0.999750939594 0.999153500435 0.998859230789 0.999393284739 0.999283791443 0.994193732693 0.999325720909 0.999044933529 0.99938572766 0.999141933606 0.999653135121
O2.UC-22_out.list.freq_table 0.986890813521 0.994462018704 0.99136055963 0.983531720963 0.997253175626 0.993699981125 0.984922277819 0.989986021963 0.99206950561 0.980826776629 0.995731090135 0.0 0.988585269622 0.992759181302 0.993910330834 0.993085699066 0.998138055128 0.985367865987 0.988868370359 0.990732446395 0.993181373897 0.996310997 0.995261512664 0.988632957819 0.987966662403 0.992559432832 0.9854334888 0.985808602851 0.980821255734 0.996616628678 0.987362706467 0.996270145627 0.989868428016 0.990904935374 0.991275845641 0.980669013311 0.988631844449 0.961483359738 0.984575334861
O2.UC-23_out.list.freq_table 0.991533628003 0.982961727033 0.989623483223 0.994013091948 0.997018145086 0.993989295911 0.981394863897 0.977822454349 0.985344870988 0.971845246258 0.999597008156 0.988585269622 0.0 0.990894004124 0.995791563023 0.990132729637 0.994974848274 0.983391306474 0.985423836952 0.988023733377 0.996654581456 0.997913443579 0.997026287969 0.992889754635 0.992618483887 0.991688631851 0.986708433333 0.981187731269 0.970539969038 0.992249225206 0.990899609805 0.986838038047 0.995271533629 0.989594750649 0.990284562248 0.979810787218 0.981188024529 0.979642826698 0.976080597789
O2.UC-24_out.list.freq_table 0.991126630128 0.976685698368 0.978191314639 0.987863481 0.98954418463 0.985135433597 0.998808708696 0.977651167288 0.984173785806 0.986249208437 0.99901487868 0.992759181302 0.990894004124 0.0 0.997518496136 0.99884596827 0.999427428929 0.984788751927 0.983704459885 0.993558912682 0.999114238172 0.99020426518 0.997687344175 0.987585944546 0.990848970097 0.985012713665 0.986870197238 0.985898264645 0.995198197568 0.9877180821 0.995227296362 0.997672093736 0.996239177441 0.984902298139 0.988255196075 0.990366818556 0.990650405918 0.988321750641 0.990153560289
O2.UC-4_out.list.freq_table 0.993555222301 0.997446691408 0.993584200174 0.994143287731 0.996625762448 0.995230121084 0.999065944089 0.993304534108 0.994450561866 0.983885665246 0.997857767178 0.993910330834 0.995791563023 0.997518496136 0.0 0.998008600522 0.998957137426 0.989316309489 0.979708828759 0.996604747105 0.999387222675 0.993753925031 0.997594544809 0.981976594901 0.995353267879 0.979894950358 0.992550830772 0.976658678612 0.997880578475 0.940101820121 0.991808895264 0.992603602938 0.992545520823 0.989404861136 0.990970731625 0.988462443513 0.994086670084 0.994190298575 0.994587525048
V1.CD-11_out.list.freq_table 0.996272511029 0.997317183145 0.997612185323 0.997444682211 0.999555494671 0.978254219035 0.987638932758 0.998031018281 0.998234373887 0.993906056416 0.999681449926 0.993085699066 0.990132729637 0.99884596827 0.998008600522 0.0 0.989788806802 0.996582113221 0.996844516565 0.99304257351 0.992473655681 0.999096641264 0.998596080368 0.99368526328 0.991786560006 0.998463979439 0.995598911697 0.995981552443 0.997278536588 0.998147774631 0.988313891433 0.998167261082 0.993532819034 0.997061826027 0.990321360554 0.996534390558 0.994222527201 0.993922290409 0.998227093765
V1.CD-12_out.list.freq_table 0.997614644101 0.997732110197 0.999453386421 0.999469929227 0.999823117524 0.995892491646 0.945768915287 0.998648986423 0.999538000503 0.998391872797 0.999965785866 0.998138055128 0.994974848274 0.999427428929 0.998957137426 0.989788806802 0.0 0.998686681751 0.991417435048 0.944531241678 0.994120916457 0.999922646901 0.998180910181 0.998093554574 0.995982650181 0.998774342862 0.991629459653 0.969900105704 0.991528413068 0.999724136721 0.995429874852 0.998973673381 0.994214202719 0.999152315653 0.986745987334 0.975024169323 0.995997123116 0.9962258991 0.997249172794
V1.CD-13_out.list.freq_table 0.982313112042 0.920386108185 0.977635724268 0.992075293558 0.987208071116 0.994103636381 0.998603679307 0.959741386172 0.982336235088 0.971834630486 0.9981302459 0.985367865987 0.983391306474 0.984788751927 0.989316309489 0.996582113221 0.998686681751 0.0 0.961006494797 0.979304762147 0.99889930856 0.996303298229 0.995252337519 0.98129305658 0.98645217361 0.980029316175 0.989501147092 0.961869843753 0.991471532271 0.988391600185 0.991460008612 0.998911906959 0.992020149237 0.986233073588 0.976862077638 0.951062052223 0.988466300918 0.975185208671 0.972063293312
V1.CD-14_out.list.freq_table 0.986592060174 0.973890172522 0.985458537121 0.987946393965 0.995820458435 0.993401902297 0.997220153163 0.967540174634 0.978469565609 0.97875511516 0.998782950326 0.988868370359 0.985423836952 0.983704459885 0.979708828759 0.996844516565 0.991417435048 0.961006494797 0.0 0.989914101368 0.99727997809 0.997620380979 0.994813638182 0.975108579659 0.981029498145 0.971869706192 0.96854209442 0.936274680503 0.992216053002 0.989272672266 0.989886391836 0.99278024376 0.992214372668 0.979319423041 0.973093564295 0.950343173555 0.988043021852 0.974007530769 0.97549885975
V1.CD-15_out.list.freq_table 0.975784290915 0.994898209205 0.997194655087 0.995972329039 0.998678733253 0.995376486 0.979346854619 0.988260662821 0.995571243888 0.978839113086 0.999407793501 0.990732446395 0.988023733377 0.993558912682 0.996604747105 0.99304257351 0.944531241678 0.979304762147 0.989914101368 0.0 0.995038513099 0.999416869161 0.998250385992 0.99613471433 0.985860767577 0.996310351295 0.990938588868 0.98878896945 0.98272288836 0.998168614306 0.985109549419 0.997932362153 0.991641066353 0.998126840458 0.994015134512 0.985370220021 0.988347905381 0.982827914253 0.993002881496
V1.CD-1_out.list.freq_table 0.996832232103 0.998431366561 0.999281952413 0.995451836391 0.999819303398 0.996229203347 0.992804838565 0.99575121519 0.99870645816 0.996159142978 0.999070131174 0.993181373897 0.996654581456 0.999114238172 0.999387222675 0.992473655681 0.994120916457 0.99889930856 0.99727997809 0.995038513099 0.0 0.999256923768 0.997641127368 0.98910689791 0.97612048254 0.998226196136 0.996809156015 0.999303720578 0.998341216252 0.998962344653 0.997921442313 0.997752806842 0.996737843028 0.990701516302 0.997845554819 0.997871536836 0.993818041947 0.990712750339 0.99785114337
V1.CD-2_out.list.freq_table 0.997336462222 0.995701239426 0.995201284242 0.994509732911 0.991135019547 0.993091023869 0.999915594296 0.996030334968 0.992127150632 0.997926504492 0.995498659214 0.996310997 0.997913443579 0.99020426518 0.993753925031 0.999096641264 0.999922646901 0.996303298229 0.997620380979 0.999416869161 0.999256923768 0.0 0.998726765348 0.994863697503 0.996228000326 0.989983134146 0.999342367076 0.996376110695 0.999287998687 0.990929490626 0.998934660926 0.997939622825 0.991631655761 0.979439072879 0.997395675915 0.998072582308 0.998106123194 0.99750480933 0.998867565859
V1.CD-3_out.list.freq_table 0.997177298229 0.997572284484 0.992805563961 0.997195454223 0.999342649833 0.994929388616 0.999647471144 0.996346668761 0.996751869482 0.995737118711 0.999620411827 0.995261512664 0.997026287969 0.997687344175 0.997594544809 0.998596080368 0.998180910181 0.995252337519 0.994813638182 0.998250385992 0.997641127368 0.998726765348 0.0 0.991900862609 0.997032999626 0.996890547409 0.994838402905 0.993853942371 0.997644078201 0.996639876083 0.997055589248 0.998637822881 0.995405851169 0.995545390057 0.994882561448 0.990851231417 0.996576569959 0.989794353401 0.997268961922
V1.CD-4_out.list.freq_table 0.99477329817 0.991229321505 0.987966803751 0.984929434988 0.993481259832 0.994365787056 0.997026909759 0.991007648219 0.987174773615 0.98561449941 0.995342806246 0.988632957819 0.992889754635 0.987585944546 0.981976594901 0.99368526328 0.998093554574 0.98129305658 0.975108579659 0.99613471433 0.98910689791 0.994863697503 0.991900862609 0.0 0.992487535769 0.96174618074 0.987751520723 0.982793528296 0.994499800867 0.987954240038 0.993773209693 0.998669795355 0.993363526774 0.977591438952 0.953529143351 0.979736792381 0.990383971136 0.982001270713 0.991069326217
V1.CD-6_out.list.freq_table 0.989573528205 0.992471275527 0.993240976526 0.982111991239 0.998646549639 0.98938943443 0.994243734276 0.970777931703 0.993058806641 0.985764032204 0.999686869509 0.987966662403 0.992618483887 0.990848970097 0.995353267879 0.991786560006 0.995982650181 0.98645217361 0.981029498145 0.985860767577 0.97612048254 0.996228000326 0.997032999626 0.992487535769 0.0 0.986858565869 0.990392909897 0.979805455052 0.989899726548 0.994047287309 0.996843596718 0.996554890237 0.979655452686 0.98635107113 0.987600760504 0.981883409906 0.986676309831 0.97802808918 0.993379601483
V1.CD-8_out.list.freq_table 0.995134014083 0.977433917091 0.982494400793 0.980800902651 0.995583354061 0.994217580361 0.999080090124 0.983362710152 0.991563542451 0.978681888926 0.993659696621 0.992559432832 0.991688631851 0.985012713665 0.979894950358 0.998463979439 0.998774342862 0.980029316175 0.971869706192 0.996310351295 0.998226196136 0.989983134146 0.996890547409 0.96174618074 0.986858565869 0.0 0.982178033037 0.978045718518 0.996403210775 0.98725841196 0.993661247821 0.996378924677 0.992189925728 0.970606507264 0.988835111124 0.984014736318 0.990023583819 0.985221728741 0.98248810112
V1.CD-9_out.list.freq_table 0.989834700588 0.993102997013 0.99553554825 0.996050416174 0.999200488388 0.984259037432 0.977219233923 0.986295155317 0.995974114605 0.983584248546 0.998535331855 0.9854334888 0.986708433333 0.986870197238 0.992550830772 0.995598911697 0.991629459653 0.989501147092 0.96854209442 0.990938588868 0.996809156015 0.999342367076 0.994838402905 0.987751520723 0.990392909897 0.982178033037 0.0 0.97481795185 0.971702805045 0.997455656948 0.984743792118 0.998116671332 0.991373838862 0.987714988181 0.995158434475 0.961342853136 0.977919056091 0.985503869076 0.989257102227
V1.UC-10_out.list.freq_table 0.984084841525 0.983934521857 0.966050037352 0.991507424804 0.994984316342 0.993874080816 0.993561593126 0.973650540274 0.986324264785 0.95760042431 0.998483907303 0.985808602851 0.981187731269 0.985898264645 0.976658678612 0.995981552443 0.969900105704 0.961869843753 0.936274680503 0.98878896945 0.999303720578 0.996376110695 0.993853942371 0.982793528296 0.979805455052 0.978045718518 0.97481795185 0.0 0.984791539076 0.989161633081 0.987611841644 0.997309434034 0.988072242359 0.985908627429 0.982978125808 0.942371549219 0.986220038892 0.972377083032 0.974787383985
V1.UC-13_out.list.freq_table 0.967209750624 0.989563558179 0.997772255761 0.994943826768 0.999234818376 0.99724840339 0.959879647896 0.96272308314 0.991149797764 0.985858010711 0.999750939594 0.980821255734 0.970539969038 0.995198197568 0.997880578475 0.997278536588 0.991528413068 0.991471532271 0.992216053002 0.98272288836 0.998341216252 0.999287998687 0.997644078201 0.994499800867 0.989899726548 0.996403210775 0.971702805045 0.984791539076 0.0 0.994023729611 0.975778078673 0.994774427525 0.984425267222 0.996937259236 0.995164255282 0.98327853038 0.981687024076 0.977334089023 0.977278938652
V1.UC-14_out.list.freq_table 0.99223711642 0.984186559183 0.984855550114 0.993019685558 0.974909945557 0.991263832892 0.999605191911 0.979427320187 0.986992974627 0.990647654515 0.999153500435 0.996616628678 0.992249225206 0.9877180821 0.940101820121 0.998147774631 0.999724136721 0.988391600185 0.989272672266 0.998168614306 0.998962344653 0.990929490626 0.996639876083 0.987954240038 0.994047287309 0.98725841196 0.997455656948 0.989161633081 0.994023729611 0.0 0.988218610232 0.991488629578 0.995180020222 0.98654988486 0.986738641643 0.994317048158 0.996107880737 0.989940909633 0.994352179064
V1.UC-15_out.list.freq_table 0.985167671761 0.996523303403 0.99713383569 0.997099374681 0.998753177627 0.997865788568 0.980058614647 0.994001178997 0.99736538447 0.982013681987 0.998859230789 0.987362706467 0.990899609805 0.995227296362 0.991808895264 0.988313891433 0.995429874852 0.991460008612 0.989886391836 0.985109549419 0.997921442313 0.998934660926 0.997055589248 0.993773209693 0.996843596718 0.993661247821 0.984743792118 0.987611841644 0.975778078673 0.988218610232 0.0 0.99287362753 0.99186934841 0.990008140898 0.992691537625 0.981302464172 0.994510856401 0.990426951437 0.989361508665
V1.UC-17_out.list.freq_table 0.998199856706 0.995264445116 0.99721514465 0.985876738964 0.986904148879 0.9960496182 0.995230024435 0.99704307914 0.996271494396 0.996275332328 0.999393284739 0.996270145627 0.986838038047 0.997672093736 0.992603602938 0.998167261082 0.998973673381 0.998911906959 0.99278024376 0.997932362153 0.997752806842 0.997939622825 0.998637822881 0.998669795355 0.996554890237 0.996378924677 0.998116671332 0.997309434034 0.994774427525 0.991488629578 0.99287362753 0.0 0.998147811309 0.992271553727 0.996984258617 0.997976450386 0.993487815082 0.996481420225 0.998074668742
V1.UC-18_out.list.freq_table 0.989616669484 0.997010370831 0.994174527509 0.996938330117 0.999062307638 0.990458229464 0.993168363229 0.986709724639 0.991467297644 0.981988396156 0.999283791443 0.989868428016 0.995271533629 0.996239177441 0.992545520823 0.993532819034 0.994214202719 0.992020149237 0.992214372668 0.991641066353 0.996737843028 0.991631655761 0.995405851169 0.993363526774 0.979655452686 0.992189925728 0.991373838862 0.988072242359 0.984425267222 0.995180020222 0.99186934841 0.998147811309 0.0 0.993107943391 0.990283659297 0.984818284488 0.978498266296 0.991616780221 0.993690070199
V1.UC-19_out.list.freq_table 0.994773987735 0.995307554175 0.98799211066 0.986943425611 0.997933551012 0.995024488894 0.999341230735 0.984857026223 0.993348571232 0.979976138966 0.994193732693 0.990904935374 0.989594750649 0.984902298139 0.989404861136 0.997061826027 0.999152315653 0.986233073588 0.979319423041 0.998126840458 0.990701516302 0.979439072879 0.995545390057 0.977591438952 0.98635107113 0.970606507264 0.987714988181 0.985908627429 0.996937259236 0.98654988486 0.990008140898 0.992271553727 0.993107943391 0.0 0.977990485673 0.98636703042 0.988837408745 0.981781402779 0.993044962398
V1.UC-21_out.list.freq_table 0.981760036846 0.980340311136 0.9890297767 0.984392796969 0.996575195784 0.988650872531 0.999042090954 0.986229355954 0.982540662229 0.986781325895 0.999325720909 0.991275845641 0.990284562248 0.988255196075 0.990970731625 0.990321360554 0.986745987334 0.976862077638 0.973093564295 0.994015134512 0.997845554819 0.997395675915 0.994882561448 0.953529143351 0.987600760504 0.988835111124 0.995158434475 0.982978125808 0.995164255282 0.986738641643 0.992691537625 0.996984258617 0.990283659297 0.977990485673 0.0 0.977584240593 0.991266657045 0.990811719855 0.984423954974
V1.UC-6_out.list.freq_table 0.981761069907 0.981779470899 0.978040587742 0.975467286632 0.996797688102 0.991781095404 0.995611639073 0.963734209245 0.97750572464 0.970017332007 0.999044933529 0.980669013311 0.979810787218 0.990366818556 0.988462443513 0.996534390558 0.975024169323 0.951062052223 0.950343173555 0.985370220021 0.997871536836 0.998072582308 0.990851231417 0.979736792381 0.981883409906 0.984014736318 0.961342853136 0.942371549219 0.98327853038 0.994317048158 0.981302464172 0.997976450386 0.984818284488 0.98636703042 0.977584240593 0.0 0.982952579289 0.956551825785 0.946667542697
V1.UC-7_out.list.freq_table 0.98386732063 0.991232944034 0.995157788435 0.990418722175 0.996124242372 0.977273549952 0.991308428501 0.985714462214 0.98354563785 0.984434142199 0.99938572766 0.988631844449 0.981188024529 0.990650405918 0.994086670084 0.994222527201 0.995997123116 0.988466300918 0.988043021852 0.988347905381 0.993818041947 0.998106123194 0.996576569959 0.990383971136 0.986676309831 0.990023583819 0.977919056091 0.986220038892 0.981687024076 0.996107880737 0.994510856401 0.993487815082 0.978498266296 0.988837408745 0.991266657045 0.982952579289 0.0 0.964644665419 0.981201531914
V1.UC-8_out.list.freq_table 0.984380934815 0.982879374427 0.991769821546 0.98224118317 0.997937193085 0.991932798111 0.99387633127 0.984171025672 0.986757440851 0.97913705844 0.999141933606 0.961483359738 0.979642826698 0.988321750641 0.994190298575 0.993922290409 0.9962258991 0.975185208671 0.974007530769 0.982827914253 0.990712750339 0.99750480933 0.989794353401 0.982001270713 0.97802808918 0.985221728741 0.985503869076 0.972377083032 0.977334089023 0.989940909633 0.990426951437 0.996481420225 0.991616780221 0.981781402779 0.990811719855 0.956551825785 0.964644665419 0.0 0.952430033579
V1.UC-9_out.list.freq_table 0.994776394855 0.979935520838 0.98970416166 0.993801850517 0.997151612309 0.997047804945 0.993979922928 0.984531607833 0.987263940807 0.984154690232 0.999653135121 0.984575334861 0.976080597789 0.990153560289 0.994587525048 0.998227093765 0.997249172794 0.972063293312 0.97549885975 0.993002881496 0.99785114337 0.998867565859 0.997268961922 0.991069326217 0.993379601483 0.98248810112 0.989257102227 0.974787383985 0.977278938652 0.994352179064 0.989361508665 0.998074668742 0.993690070199 0.993044962398 0.984423954974 0.946667542697 0.981201531914 0.952430033579 0.0
