O2.UC-11.trimmed.fa.clippered.corr.comb 0.0 0.984968237194 0.975543188933 0.991098427471 0.990753543666 0.990321229516 0.991366444187 0.971941196992 0.983233768193 0.969764258205 0.997621740436 0.98113048493 0.984446546503 0.982350915009 0.988578806431 0.989466383877 0.995048970929 0.94644904813 0.980329267088 0.940928827147 0.993891079208 1.0 1.0 1.0 1.0 1.0 1.0 1.0 1.0 1.0 1.0 1.0 1.0 1.0 1.0 1.0 1.0 1.0 1.0
O2.UC-12.trimmed.fa.clippered.corr.comb 0.984968237194 0.0 0.981334551348 0.985826658818 0.977879318907 0.979987775278 0.988925178533 0.964061631332 0.972836192977 0.976000587976 0.998699273726 0.980406195608 0.972964603209 0.972010432676 0.994716739652 0.994129500632 0.991573908204 0.947449246004 0.966711356833 0.979535487652 0.988432645263 1.0 1.0 1.0 1.0 1.0 1.0 1.0 1.0 1.0 1.0 1.0 1.0 1.0 1.0 1.0 1.0 1.0 1.0
O2.UC-13.trimmed.fa.clippered.corr.comb 0.975543188933 0.981334551348 0.0 0.98698848222 0.990265688672 0.985479292611 0.994523293253 0.979273324194 0.977122176757 0.979541234988 0.996403368835 0.981298948747 0.980963547904 0.981507571242 0.985270876987 0.987616298176 0.994828527604 0.971230033227 0.974044852715 0.981849175766 0.988552419902 1.0 1.0 1.0 1.0 1.0 1.0 1.0 1.0 1.0 1.0 1.0 1.0 1.0 1.0 1.0 1.0 1.0 1.0
O2.UC-14.trimmed.fa.clippered.corr.comb 0.991098427471 0.985826658818 0.98698848222 0.0 0.977179207343 0.957240971832 0.992616836284 0.986381439404 0.966147844053 0.985308932193 0.997704079029 0.978463396442 0.988268313364 0.95761512651 0.990193825321 0.989968923361 0.983964295015 0.981233546112 0.976920251123 0.983622379226 0.984780420788 1.0 1.0 1.0 1.0 1.0 1.0 1.0 1.0 1.0 1.0 1.0 1.0 1.0 1.0 1.0 1.0 1.0 1.0
O2.UC-16.trimmed.fa.clippered.corr.comb 0.990753543666 0.977879318907 0.990265688672 0.977179207343 0.0 0.969994282066 0.994951667835 0.986598436302 0.957322950936 0.992729620445 0.998753390228 0.992812364531 0.994213046441 0.962039614082 0.995350222351 0.997059567882 0.997118557917 0.985573009711 0.992546266317 0.995719104676 0.996230360337 1.0 1.0 1.0 1.0 1.0 1.0 1.0 1.0 1.0 1.0 1.0 1.0 1.0 1.0 1.0 1.0 1.0 1.0
O2.UC-17.trimmed.fa.clippered.corr.comb 0.990321229516 0.979987775278 0.985479292611 0.957240971832 0.969994282066 0.0 0.986233250515 0.985814505693 0.940491856838 0.981897742073 0.997758125881 0.977619813953 0.988334965185 0.91976481381 0.993923814268 0.986562791441 0.989323038604 0.985883902172 0.981639398737 0.977141950364 0.977126402917 1.0 1.0 1.0 1.0 1.0 1.0 1.0 1.0 1.0 1.0 1.0 1.0 1.0 1.0 1.0 1.0 1.0 1.0
O2.UC-18.trimmed.fa.clippered.corr.comb 0.991366444187 0.988925178533 0.994523293253 0.992616836284 0.994951667835 0.986233250515 0.0 0.989288274184 0.988595173694 0.987390375506 0.998396179289 0.978923390321 0.986989001501 0.992486947583 0.995078062093 0.986087117186 0.956587401624 0.982173805943 0.988110892465 0.98126305554 0.986632624186 1.0 1.0 1.0 1.0 1.0 1.0 1.0 1.0 1.0 1.0 1.0 1.0 1.0 1.0 1.0 1.0 1.0 1.0
O2.UC-19.trimmed.fa.clippered.corr.comb 0.971941196992 0.964061631332 0.979273324194 0.986381439404 0.986598436302 0.985814505693 0.989288274184 0.0 0.965406625548 0.96480719558 0.998249599228 0.97459383206 0.968037738528 0.976860339963 0.987367959795 0.991634421933 0.983880007531 0.960176013097 0.95828974019 0.969506643012 0.98657976214 1.0 1.0 1.0 1.0 1.0 1.0 1.0 1.0 1.0 1.0 1.0 1.0 1.0 1.0 1.0 1.0 1.0 1.0
O2.UC-1.trimmed.fa.clippered.corr.comb 0.983233768193 0.972836192977 0.977122176757 0.966147844053 0.957322950936 0.940491856838 0.988595173694 0.965406625548 0.0 0.981507999971 0.998785172449 0.986352960269 0.980521166612 0.940633520738 0.992522312785 0.995342767471 0.992616499205 0.978126135317 0.969358694682 0.986943728582 0.994291946376 1.0 1.0 1.0 1.0 1.0 1.0 1.0 1.0 1.0 1.0 1.0 1.0 1.0 1.0 1.0 1.0 1.0 1.0
O2.UC-20.trimmed.fa.clippered.corr.comb 0.969764258205 0.976000587976 0.979541234988 0.985308932193 0.992729620445 0.981897742073 0.987390375506 0.96480719558 0.981507999971 0.0 0.997054864446 0.949049382563 0.954647729463 0.981116991832 0.980808028714 0.986432757641 0.976637973797 0.959651019895 0.961447784087 0.944355357992 0.975247279667 1.0 1.0 1.0 1.0 1.0 1.0 1.0 1.0 1.0 1.0 1.0 1.0 1.0 1.0 1.0 1.0 1.0 1.0
O2.UC-21.trimmed.fa.clippered.corr.comb 0.997621740436 0.998699273726 0.996403368835 0.997704079029 0.998753390228 0.997758125881 0.998396179289 0.998249599228 0.998785172449 0.997054864446 0.0 0.994827460427 0.997957311322 0.998260169618 0.994281774356 0.996892471305 0.998434797854 0.996736904799 0.99732980182 0.99824493119 0.994524861493 1.0 1.0 1.0 1.0 1.0 1.0 1.0 1.0 1.0 1.0 1.0 1.0 1.0 1.0 1.0 1.0 1.0 1.0
O2.UC-22.trimmed.fa.clippered.corr.comb 0.98113048493 0.980406195608 0.981298948747 0.978463396442 0.992812364531 0.977619813953 0.978923390321 0.97459383206 0.986352960269 0.949049382563 0.994827460427 0.0 0.970792917695 0.9880499027 0.983487902526 0.979248770076 0.968898460399 0.97205925524 0.957974687234 0.949015235983 0.96322137945 1.0 1.0 1.0 1.0 1.0 1.0 1.0 1.0 1.0 1.0 1.0 1.0 1.0 1.0 1.0 1.0 1.0 1.0
O2.UC-23.trimmed.fa.clippered.corr.comb 0.984446546503 0.972964603209 0.980963547904 0.988268313364 0.994213046441 0.988334965185 0.986989001501 0.968037738528 0.980521166612 0.954647729463 0.997957311322 0.970792917695 0.0 0.987217487777 0.992273822755 0.989264596352 0.99117265992 0.970970432891 0.967156227617 0.949166672013 0.975482571053 1.0 1.0 1.0 1.0 1.0 1.0 1.0 1.0 1.0 1.0 1.0 1.0 1.0 1.0 1.0 1.0 1.0 1.0
O2.UC-24.trimmed.fa.clippered.corr.comb 0.982350915009 0.972010432676 0.981507571242 0.95761512651 0.962039614082 0.91976481381 0.992486947583 0.976860339963 0.940633520738 0.981116991832 0.998260169618 0.9880499027 0.987217487777 0.0 0.994644349452 0.99714907709 0.996252589704 0.978722133141 0.979681282502 0.988897558018 0.99563530273 1.0 1.0 1.0 1.0 1.0 1.0 1.0 1.0 1.0 1.0 1.0 1.0 1.0 1.0 1.0 1.0 1.0 1.0
O2.UC-4.trimmed.fa.clippered.corr.comb 0.988578806431 0.994716739652 0.985270876987 0.990193825321 0.995350222351 0.993923814268 0.995078062093 0.987367959795 0.992522312785 0.980808028714 0.994281774356 0.983487902526 0.992273822755 0.994644349452 0.0 0.988761190397 0.986854359268 0.98538332386 0.978467287212 0.99128270037 0.99139586035 1.0 1.0 1.0 1.0 1.0 1.0 1.0 1.0 1.0 1.0 1.0 1.0 1.0 1.0 1.0 1.0 1.0 1.0
V1.CD-11.trimmed.fa.clippered.corr.comb 0.989466383877 0.994129500632 0.987616298176 0.989968923361 0.997059567882 0.986562791441 0.986087117186 0.991634421933 0.995342767471 0.986432757641 0.996892471305 0.979248770076 0.989264596352 0.99714907709 0.988761190397 0.0 0.978972310194 0.99034401674 0.985805773583 0.980758978019 0.979049075023 1.0 1.0 1.0 1.0 1.0 1.0 1.0 1.0 1.0 1.0 1.0 1.0 1.0 1.0 1.0 1.0 1.0 1.0
V1.CD-12.trimmed.fa.clippered.corr.comb 0.995048970929 0.991573908204 0.994828527604 0.983964295015 0.997118557917 0.989323038604 0.956587401624 0.983880007531 0.992616499205 0.976637973797 0.998434797854 0.968898460399 0.99117265992 0.996252589704 0.986854359268 0.978972310194 0.0 0.990828310044 0.963072661191 0.942876325112 0.984930096585 1.0 1.0 1.0 1.0 1.0 1.0 1.0 1.0 1.0 1.0 1.0 1.0 1.0 1.0 1.0 1.0 1.0 1.0
V1.CD-13.trimmed.fa.clippered.corr.comb 0.94644904813 0.947449246004 0.971230033227 0.981233546112 0.985573009711 0.985883902172 0.982173805943 0.960176013097 0.978126135317 0.959651019895 0.996736904799 0.97205925524 0.970970432891 0.978722133141 0.98538332386 0.99034401674 0.990828310044 0.0 0.948960739345 0.95536672692 0.989248167799 1.0 1.0 1.0 1.0 1.0 1.0 1.0 1.0 1.0 1.0 1.0 1.0 1.0 1.0 1.0 1.0 1.0 1.0
V1.CD-14.trimmed.fa.clippered.corr.comb 0.980329267088 0.966711356833 0.974044852715 0.976920251123 0.992546266317 0.981639398737 0.988110892465 0.95828974019 0.969358694682 0.961447784087 0.99732980182 0.957974687234 0.967156227617 0.979681282502 0.978467287212 0.985805773583 0.963072661191 0.948960739345 0.0 0.955302364104 0.981389464059 1.0 1.0 1.0 1.0 1.0 1.0 1.0 1.0 1.0 1.0 1.0 1.0 1.0 1.0 1.0 1.0 1.0 1.0
V1.CD-15.trimmed.fa.clippered.corr.comb 0.940928827147 0.979535487652 0.981849175766 0.983622379226 0.995719104676 0.977141950364 0.98126305554 0.969506643012 0.986943728582 0.944355357992 0.99824493119 0.949015235983 0.949166672013 0.988897558018 0.99128270037 0.980758978019 0.942876325112 0.95536672692 0.955302364104 0.0 0.966486738511 1.0 1.0 1.0 1.0 1.0 1.0 1.0 1.0 1.0 1.0 1.0 1.0 1.0 1.0 1.0 1.0 1.0 1.0
V1.CD-1.trimmed.fa.clippered.corr.comb 0.993891079208 0.988432645263 0.988552419902 0.984780420788 0.996230360337 0.977126402917 0.986632624186 0.98657976214 0.994291946376 0.975247279667 0.994524861493 0.96322137945 0.975482571053 0.99563530273 0.99139586035 0.979049075023 0.984930096585 0.989248167799 0.981389464059 0.966486738511 0.0 1.0 1.0 1.0 1.0 1.0 1.0 1.0 1.0 1.0 1.0 1.0 1.0 1.0 1.0 1.0 1.0 1.0 1.0
V1.CD-2.trimmed.fa.clippered.corr.comb 1.0 1.0 1.0 1.0 1.0 1.0 1.0 1.0 1.0 1.0 1.0 1.0 1.0 1.0 1.0 1.0 1.0 1.0 1.0 1.0 1.0 0.0 0.950597397947 0.984939107684 0.992530050343 0.978845776768 0.961190559893 0.966525545439 0.97681850174 0.96656662991 0.958693908402 0.972513272608 0.984442847856 0.990661491205 0.984928901226 0.979775643804 0.976809312556 0.968202378903 0.951864549338
V1.CD-3.trimmed.fa.clippered.corr.comb 1.0 1.0 1.0 1.0 1.0 1.0 1.0 1.0 1.0 1.0 1.0 1.0 1.0 1.0 1.0 1.0 1.0 1.0 1.0 1.0 1.0 0.950597397947 0.0 0.965148209258 0.99511015196 0.985370177612 0.978542965463 0.94265565461 0.969773988872 0.960165763496 0.969739768446 0.951027129375 0.968894790117 0.991520038497 0.992929839382 0.930383413726 0.982501603876 0.955651399846 0.960561651446
V1.CD-4.trimmed.fa.clippered.corr.comb 1.0 1.0 1.0 1.0 1.0 1.0 1.0 1.0 1.0 1.0 1.0 1.0 1.0 1.0 1.0 1.0 1.0 1.0 1.0 1.0 1.0 0.984939107684 0.965148209258 0.0 0.994762114508 0.987297274838 0.97907850991 0.96604636897 0.987137306466 0.977162268131 0.992467931836 0.97767444654 0.989636123086 0.992787225608 0.980246064895 0.970508005998 0.982372504235 0.98745198159 0.981683506481
V1.CD-6.trimmed.fa.clippered.corr.comb 1.0 1.0 1.0 1.0 1.0 1.0 1.0 1.0 1.0 1.0 1.0 1.0 1.0 1.0 1.0 1.0 1.0 1.0 1.0 1.0 1.0 0.992530050343 0.99511015196 0.994762114508 0.0 0.984663135525 0.990840725435 0.993116506061 0.988970393907 0.99009445233 0.992652064939 0.989767714681 0.989559831392 0.995194826206 0.989052294596 0.985580000462 0.991442033866 0.984396169952 0.991241848173
V1.CD-8.trimmed.fa.clippered.corr.comb 1.0 1.0 1.0 1.0 1.0 1.0 1.0 1.0 1.0 1.0 1.0 1.0 1.0 1.0 1.0 1.0 1.0 1.0 1.0 1.0 1.0 0.978845776768 0.985370177612 0.987297274838 0.984663135525 0.0 0.975588309772 0.9696401627 0.980717555028 0.976741069959 0.98380853743 0.983220368387 0.987564405538 0.9885512225 0.987280959103 0.979600530107 0.962464236519 0.972663518877 0.980977137403
V1.CD-9.trimmed.fa.clippered.corr.comb 1.0 1.0 1.0 1.0 1.0 1.0 1.0 1.0 1.0 1.0 1.0 1.0 1.0 1.0 1.0 1.0 1.0 1.0 1.0 1.0 1.0 0.961190559893 0.978542965463 0.97907850991 0.990840725435 0.975588309772 0.0 0.970963094966 0.983200218812 0.974807024975 0.97449183558 0.980130723602 0.988173033464 0.987685733146 0.969512059139 0.981128861668 0.980680046254 0.969399168123 0.97196897784
V1.UC-10.trimmed.fa.clippered.corr.comb 1.0 1.0 1.0 1.0 1.0 1.0 1.0 1.0 1.0 1.0 1.0 1.0 1.0 1.0 1.0 1.0 1.0 1.0 1.0 1.0 1.0 0.966525545439 0.94265565461 0.96604636897 0.993116506061 0.9696401627 0.970963094966 0.0 0.972123858993 0.963936200167 0.973027298631 0.95305291927 0.982557670984 0.989918262889 0.987053264587 0.964775429517 0.977011073577 0.971555516007 0.962640315985
V1.UC-13.trimmed.fa.clippered.corr.comb 1.0 1.0 1.0 1.0 1.0 1.0 1.0 1.0 1.0 1.0 1.0 1.0 1.0 1.0 1.0 1.0 1.0 1.0 1.0 1.0 1.0 0.97681850174 0.969773988872 0.987137306466 0.988970393907 0.980717555028 0.983200218812 0.972123858993 0.0 0.968597708093 0.971908941995 0.984319401436 0.976985120989 0.99293242207 0.987815881234 0.971533871519 0.98672299777 0.959646666748 0.973065484024
V1.UC-14.trimmed.fa.clippered.corr.comb 1.0 1.0 1.0 1.0 1.0 1.0 1.0 1.0 1.0 1.0 1.0 1.0 1.0 1.0 1.0 1.0 1.0 1.0 1.0 1.0 1.0 0.96656662991 0.960165763496 0.977162268131 0.99009445233 0.976741069959 0.974807024975 0.963936200167 0.968597708093 0.0 0.975790665585 0.967284400626 0.985335618424 0.990910120635 0.986947774691 0.977532454725 0.971271216495 0.955809386525 0.971795856476
V1.UC-15.trimmed.fa.clippered.corr.comb 1.0 1.0 1.0 1.0 1.0 1.0 1.0 1.0 1.0 1.0 1.0 1.0 1.0 1.0 1.0 1.0 1.0 1.0 1.0 1.0 1.0 0.958693908402 0.969739768446 0.992467931836 0.992652064939 0.98380853743 0.97449183558 0.973027298631 0.971908941995 0.975790665585 0.0 0.980196314088 0.97648970366 0.986267452712 0.987605830587 0.985863351452 0.984047713891 0.970740258236 0.956262444434
V1.UC-17.trimmed.fa.clippered.corr.comb 1.0 1.0 1.0 1.0 1.0 1.0 1.0 1.0 1.0 1.0 1.0 1.0 1.0 1.0 1.0 1.0 1.0 1.0 1.0 1.0 1.0 0.972513272608 0.951027129375 0.97767444654 0.989767714681 0.983220368387 0.980130723602 0.95305291927 0.984319401436 0.967284400626 0.980196314088 0.0 0.980101754245 0.986287827722 0.984707748497 0.967098930543 0.983252571021 0.981986140905 0.961695010241
V1.UC-18.trimmed.fa.clippered.corr.comb 1.0 1.0 1.0 1.0 1.0 1.0 1.0 1.0 1.0 1.0 1.0 1.0 1.0 1.0 1.0 1.0 1.0 1.0 1.0 1.0 1.0 0.984442847856 0.968894790117 0.989636123086 0.989559831392 0.987564405538 0.988173033464 0.982557670984 0.976985120989 0.985335618424 0.97648970366 0.980101754245 0.0 0.983416718937 0.987395979033 0.963789616149 0.984856358498 0.973331314195 0.985178520615
V1.UC-19.trimmed.fa.clippered.corr.comb 1.0 1.0 1.0 1.0 1.0 1.0 1.0 1.0 1.0 1.0 1.0 1.0 1.0 1.0 1.0 1.0 1.0 1.0 1.0 1.0 1.0 0.990661491205 0.991520038497 0.992787225608 0.995194826206 0.9885512225 0.987685733146 0.989918262889 0.99293242207 0.990910120635 0.986267452712 0.986287827722 0.983416718937 0.0 0.991846778144 0.98786431723 0.991273124619 0.986926640293 0.982452376251
V1.UC-21.trimmed.fa.clippered.corr.comb 1.0 1.0 1.0 1.0 1.0 1.0 1.0 1.0 1.0 1.0 1.0 1.0 1.0 1.0 1.0 1.0 1.0 1.0 1.0 1.0 1.0 0.984928901226 0.992929839382 0.980246064895 0.989052294596 0.987280959103 0.969512059139 0.987053264587 0.987815881234 0.986947774691 0.987605830587 0.984707748497 0.987395979033 0.991846778144 0.0 0.98929892825 0.985895474689 0.984928781972 0.985724947629
V1.UC-6.trimmed.fa.clippered.corr.comb 1.0 1.0 1.0 1.0 1.0 1.0 1.0 1.0 1.0 1.0 1.0 1.0 1.0 1.0 1.0 1.0 1.0 1.0 1.0 1.0 1.0 0.979775643804 0.930383413726 0.970508005998 0.985580000462 0.979600530107 0.981128861668 0.964775429517 0.971533871519 0.977532454725 0.985863351452 0.967098930543 0.963789616149 0.98786431723 0.98929892825 0.0 0.974707577377 0.964165976477 0.973365512967
V1.UC-7.trimmed.fa.clippered.corr.comb 1.0 1.0 1.0 1.0 1.0 1.0 1.0 1.0 1.0 1.0 1.0 1.0 1.0 1.0 1.0 1.0 1.0 1.0 1.0 1.0 1.0 0.976809312556 0.982501603876 0.982372504235 0.991442033866 0.962464236519 0.980680046254 0.977011073577 0.98672299777 0.971271216495 0.984047713891 0.983252571021 0.984856358498 0.991273124619 0.985895474689 0.974707577377 0.0 0.973390589299 0.97487806514
V1.UC-8.trimmed.fa.clippered.corr.comb 1.0 1.0 1.0 1.0 1.0 1.0 1.0 1.0 1.0 1.0 1.0 1.0 1.0 1.0 1.0 1.0 1.0 1.0 1.0 1.0 1.0 0.968202378903 0.955651399846 0.98745198159 0.984396169952 0.972663518877 0.969399168123 0.971555516007 0.959646666748 0.955809386525 0.970740258236 0.981986140905 0.973331314195 0.986926640293 0.984928781972 0.964165976477 0.973390589299 0.0 0.966591469055
V1.UC-9.trimmed.fa.clippered.corr.comb 1.0 1.0 1.0 1.0 1.0 1.0 1.0 1.0 1.0 1.0 1.0 1.0 1.0 1.0 1.0 1.0 1.0 1.0 1.0 1.0 1.0 0.951864549338 0.960561651446 0.981683506481 0.991241848173 0.980977137403 0.97196897784 0.962640315985 0.973065484024 0.971795856476 0.956262444434 0.961695010241 0.985178520615 0.982452376251 0.985724947629 0.973365512967 0.97487806514 0.966591469055 0.0
