AB.tr.fq.trimmed.fq.comb 0.0 0.957811554384 0.977921633368 0.97344754016 0.933931259439 0.977404065475 0.963016441503 0.992204322827
BB.tr.fq.trimmed.fq.comb 0.957811554384 0.0 0.964261793676 0.959071705297 0.94326724034 0.974261506872 0.950577929045 0.989839852482
BH.tr.fq.trimmed.fq.comb 0.977921633368 0.964261793676 0.0 0.975785880313 0.974503676736 0.9873840073 0.969290364053 0.993885397202
IB.tr.fq.trimmed.fq.comb 0.97344754016 0.959071705297 0.975785880313 0.0 0.97233859788 0.98491924275 0.969552685442 0.995003078011
IH.tr.fq.trimmed.fq.comb 0.933931259439 0.94326724034 0.974503676736 0.97233859788 0.0 0.955379417754 0.924657222783 0.956913735484
MB.tr.fq.trimmed.fq.comb 0.977404065475 0.974261506872 0.9873840073 0.98491924275 0.955379417754 0.0 0.976735053215 0.960711761981
MH.tr.fq.trimmed.fq.comb 0.963016441503 0.950577929045 0.969290364053 0.969552685442 0.924657222783 0.976735053215 0.0 0.977083536929
PB.tr.fq.trimmed.fq.comb 0.992204322827 0.989839852482 0.993885397202 0.995003078011 0.956913735484 0.960711761981 0.977083536929 0.0
